951.0000000000, 3.6258498671,-2.8204100469,-0.8631970582,-0.4022248136,-3.9790660365, 8.5589063634
952.0000000000, 3.5532965569,-2.7523542797,-0.7902938668,-0.4054573940,-3.5137233342, 9.1207228355
953.0000000000, 3.6142233048,-2.7848669545,-0.7659274858,-0.4200880061,-3.4634388676, 8.8919590756
954.0000000000, 3.6212767558,-2.6103406015,-0.8108162586,-0.4151193582,-3.3563210087, 8.7927850973
955.0000000000, 3.5933662140,-2.7198028055,-0.8121682283,-0.4207105446,-3.6881457993, 8.8628861596
956.0000000000, 3.6450758047,-2.7188081620,-0.8247801050,-0.4192133796,-3.2030604137, 8.8126718274
957.0000000000, 3.6175956972,-2.7823026407,-0.7846542058,-0.4321918989,-3.5566669197, 8.8126837946
958.0000000000, 3.6312308074,-2.5863682886,-0.8156623167,-0.4563144237,-3.5094669398, 9.2370730049
959.0000000000, 3.6076371105,-2.7727095382,-0.8060982817,-0.4092267855,-3.6499665914, 8.9218081516
960.0000000000, 3.6453869860,-2.7159399136,-0.7713442857,-0.4263112446,-3.6297157826, 8.6863069788
961.0000000000, 3.6494072420,-2.6596124874,-0.7517759873,-0.4474698148,-3.5247899201, 8.7491880542
962.0000000000, 3.5657912172,-2.9016669940,-0.8311071848,-0.3837154531,-3.5332865843, 8.9702316110
963.0000000000, 3.5688588728,-2.6317328641,-0.7796671726,-0.4217404097,-3.6590155056, 8.9589460553
964.0000000000, 3.5678681590,-2.6301484884,-0.7360069174,-0.4293184548,-3.6830832977, 8.7202594484
965.0000000000, 3.6054477278,-2.7626763093,-0.8321384782,-0.4495396948,-3.3429078927, 9.3585393568
966.0000000000, 3.6131740941,-2.7937597494,-0.7915457857,-0.4265098706,-3.7262019789, 9.0661339137
967.0000000000, 3.6282939206,-2.8030494045,-0.7544444333,-0.4288660821,-3.4738444525, 8.9578226721
968.0000000000, 3.5968385296,-2.7389053277,-0.8426587401,-0.4179650420,-3.7772666887, 8.9783249465
969.0000000000, 3.6019622639,-2.7924517572,-0.7965584609,-0.3920337845,-3.9018216845, 8.6050512825
970.0000000000, 3.6080085777,-2.7161574091,-0.8391605138,-0.4215540775,-3.4847627280, 8.7533313038
971.0000000000, 3.6081454908,-2.6732312555,-0.8691208898,-0.4011100830,-3.4829486038, 8.3287379469
972.0000000000, 3.6039129531,-2.5075584622,-0.8449739435,-0.4384350778,-3.4380335464, 8.6352303531
973.0000000000, 3.5872649440,-2.8914957313,-0.7900982413,-0.4453530368,-3.6962787229, 9.7476984962
974.0000000000, 3.5936808538,-2.6877107730,-0.7847924729,-0.4331046904,-3.6376395353, 8.7608320669
975.0000000000, 3.6020946712,-2.7074411529,-0.8381595990,-0.4075448293,-3.6011732092, 8.9049261400
976.0000000000, 3.5690525903,-2.6797734379,-0.7953147033,-0.4235094296,-3.5195890545, 8.9528406724
977.0000000000, 3.6200502961,-2.7935370466,-0.7820039035,-0.4199874876,-3.5556405556, 8.9270079873
978.0000000000, 3.6458857749,-2.4967648404,-0.8005602269,-0.4334369967,-3.5913115156, 8.3574279107
979.0000000000, 3.6385312144,-2.8349307252,-0.8271490089,-0.4120498377,-3.6700207736, 9.0764411966
980.0000000000, 3.6322203220,-2.5835377595,-0.7999950390,-0.4621328585,-3.3987939604, 8.9884097661
981.0000000000, 3.5915593738,-2.6670237083,-0.8565874715,-0.4027390187,-3.4546316130, 8.7177147755
982.0000000000, 3.5299864789,-2.7363883392,-0.8164174459,-0.4214016478,-3.6499848522, 9.0755101250
983.0000000000, 3.6788692687,-2.6064413565,-0.8123756812,-0.4420006652,-3.8930776626, 8.8533065791
984.0000000000, 3.6264637396,-2.7253442768,-0.8552988367,-0.4026077075,-3.5870270710, 8.7359458551
985.0000000000, 3.6569844011,-2.5836462062,-0.7809571106,-0.4518077402,-3.6080928807, 8.8982954961
986.0000000000, 3.6290714399,-2.6712114569,-0.8828134176,-0.4244219069,-3.6558721323, 9.2283391056
987.0000000000, 3.5666563469,-2.8355004599,-0.8047722963,-0.4186120949,-3.3358403548, 9.5895573361
988.0000000000, 3.6270079404,-2.6098293695,-0.8638917740,-0.4389302331,-3.4117033069, 9.4042918588
989.0000000000, 3.6366237528,-2.7103939927,-0.8416229982,-0.4156136332,-3.7831498784, 8.9676339524
990.0000000000, 3.6473164538,-2.6881090109,-0.7711385615,-0.4315124145,-3.6840100366, 8.6137019008
991.0000000000, 3.5687950528,-2.8261618202,-0.8072244154,-0.4148481798,-3.3728725428, 9.1526459878
992.0000000000, 3.5768419517,-2.6200630117,-0.8632030403,-0.4315823638,-3.5827281819, 8.9419151486
993.0000000000, 3.6084106798,-2.6502614846,-0.7885943312,-0.4411753903,-3.2702737302, 8.8120548421
994.0000000000, 3.6603464235,-2.7804594474,-0.8519557819,-0.4400135708,-3.3857420976, 8.9162049283
995.0000000000, 3.6528858153,-2.8195187498,-0.7746783328,-0.4128310974,-3.4951740489, 8.6203634893
996.0000000000, 3.5926345907,-2.7288629325,-0.8084004185,-0.4132668531,-3.8773582261, 8.7536639496
997.0000000000, 3.6379279196,-2.5539235633,-0.8546945163,-0.4210962722,-3.8034723005, 8.4198199824
998.0000000000, 3.6227613225,-2.6743115993,-0.7472277852,-0.4373722497,-3.3375174134, 8.6385164011
999.0000000000, 3.5768344985,-2.6476540580,-0.8745601816,-0.4245835642,-3.6597002670, 9.2863611856
1000.0000000000, 3.6343104463,-2.6556448587,-0.8427285294,-0.4082617450,-3.6645510433, 8.6031237322
901.0000000000, 3.6147176139,-2.6024707629,-0.7846717584,-0.4132003121,-3.8232409422, 8.1577689291
902.0000000000, 3.5783615436,-2.9276430300,-0.7630584073,-0.4173473176,-3.2767565390, 9.1273284362
903.0000000000, 3.6646004438,-2.6431309572,-0.7500498646,-0.4298005669,-3.6692261268, 8.6473702897
904.0000000000, 3.6056886620,-2.7309199738,-0.8853097457,-0.4196959907,-3.5130163255, 9.0526854416
905.0000000000, 3.6320500496,-2.6458742550,-0.8661348709,-0.4067317589,-3.6503465153, 8.6085963840
906.0000000000, 3.5959603050,-2.6136307025,-0.8507176803,-0.4038257393,-3.5147209589, 8.7926568252
907.0000000000, 3.6202898874,-2.6136919598,-0.7999404956,-0.4531076298,-3.6655321651, 8.9499173729
908.0000000000, 3.5964800500,-2.5571387635,-0.8420683647,-0.4309917635,-3.6354004106, 8.8473411720
909.0000000000, 3.5870999733,-2.8830053256,-0.8013829989,-0.4230685408,-3.4285169775, 9.3542566521
910.0000000000, 3.6532986651,-2.5426236989,-0.8433572877,-0.4475513923,-3.3993637056, 8.6450280391
911.0000000000, 3.6596073558,-2.7092357939,-0.7946608785,-0.3981659693,-3.5501182156, 8.3999085189
912.0000000000, 3.6060316967,-2.5243794111,-0.8611829368,-0.4414921778,-3.5710679083, 8.8309213857
913.0000000000, 3.6041845315,-2.7629057991,-0.8067642841,-0.4101781948,-3.4821938816, 9.4024909621
914.0000000000, 3.5668901168,-2.7206741729,-0.7938446908,-0.4090848447,-3.5733703610, 9.0156156168
915.0000000000, 3.6362414437,-2.5409745788,-0.8142852873,-0.4089356999,-3.6726807814, 8.4403911934
916.0000000000, 3.5578569944,-2.6491150684,-0.8698986094,-0.4179606936,-3.9163125608, 8.7954214885
917.0000000000, 3.6189414343,-2.6968434805,-0.8362019775,-0.4083793361,-3.6805452161, 8.6741645697
918.0000000000, 3.5738617961,-2.8556120759,-0.8610809102,-0.4013896913,-3.7253491940, 8.8995065594
919.0000000000, 3.6009733291,-2.7310095434,-0.8786738626,-0.4157802274,-3.6349592845, 9.0827163741
920.0000000000, 3.5827548786,-2.6910265698,-0.8087342704,-0.4304509756,-3.6115870988, 9.0462257048
921.0000000000, 3.6402706664,-2.6222574218,-0.8180792710,-0.4276138852,-3.4278710531, 8.5305569047
922.0000000000, 3.6046338131,-2.7001473206,-0.8504649455,-0.4284805236,-3.3106340400, 8.9748281964
923.0000000000, 3.6279936310,-2.7905045793,-0.8528428279,-0.4009530050,-3.6090058836, 9.1705454319
924.0000000000, 3.5945931613,-2.5847495789,-0.8139000091,-0.4257784027,-3.7481820176, 9.0555064960
925.0000000000, 3.5995414928,-2.7646848626,-0.7829372896,-0.4280954274,-3.8702214502, 8.9822405042
926.0000000000, 3.5683477137,-2.7844229824,-0.8419881306,-0.3829295803,-3.6610652607, 8.9313395619
927.0000000000, 3.6272195615,-2.6730256282,-0.8451351513,-0.4114225620,-3.6987403472, 8.5873281986
928.0000000000, 3.6026568365,-2.7282720683,-0.8527766589,-0.3878953872,-3.8658537466, 8.7561792050
929.0000000000, 3.6339508076,-2.9547446837,-0.7631165156,-0.3983706936,-3.4310706862, 9.1766239854
930.0000000000, 3.6240441114,-2.7591186460,-0.8821788406,-0.4110972015,-3.6173767726, 9.1085262830
931.0000000000, 3.6061348890,-2.7302945975,-0.8352093889,-0.4010865493,-3.5110940614, 8.6357800605
932.0000000000, 3.6243372111,-2.7947216498,-0.8256232037,-0.4077937102,-3.6144955096, 8.6664511982
933.0000000000, 3.5664505638,-2.9212753223,-0.9382751156,-0.3875106657,-3.5480231983, 9.5044394904
934.0000000000, 3.6127583070,-2.6691154809,-0.7898342274,-0.4171942359,-3.8632643371, 8.7733634833
935.0000000000, 3.6359423113,-2.7052245490,-0.7665181825,-0.4532241543,-3.6706789689, 9.1297644857
936.0000000000, 3.6029619128,-2.5972052325,-0.8449181187,-0.4312851474,-3.6580611123, 9.1131344225
937.0000000000, 3.6518972900,-2.6526679349,-0.7891802065,-0.4382159304,-3.2853270788, 8.9556546820
938.0000000000, 3.6186864829,-2.6142081578,-0.8298651895,-0.4076611142,-3.6823889498, 8.7263331481
939.0000000000, 3.6019484458,-2.7208646203,-0.8310126942,-0.4193441425,-3.4916315801, 9.0035957531
940.0000000000, 3.6492225758,-2.5681811002,-0.8825173829,-0.4152273517,-3.5292829982, 8.6756914578
941.0000000000, 3.6386075438,-2.6754017552,-0.7711791504,-0.4161066374,-3.4635653543, 8.8003918939
942.0000000000, 3.6789369059,-2.7299978146,-0.8370672876,-0.4205646504,-3.2972475360, 8.8980515516
943.0000000000, 3.6100908669,-2.5946809098,-0.8192361997,-0.4393039356,-3.3825690802, 8.8650272153
944.0000000000, 3.6603044049,-2.7378232954,-0.7878926142,-0.4269450391,-3.2195032755, 8.8072519825
945.0000000000, 3.6471606994,-2.6621264917,-0.7784656526,-0.4611627864,-3.3950968599, 9.2767056241
946.0000000000, 3.6147464215,-2.8178262380,-0.8087444428,-0.4395473583,-3.5236431405, 9.1824032708
947.0000000000, 3.5909101276,-2.6730858991,-0.7996208075,-0.3993457637,-3.6055960312, 8.6192374438
948.0000000000, 3.6738520437,-2.6876959288,-0.8003343442,-0.4287393221,-3.3037001679, 9.0407931976
949.0000000000, 3.6541264215,-2.6081031338,-0.7323274292,-0.4272650689,-3.5881627368, 8.1888275665
950.0000000000, 3.6450499798,-2.7494421439,-0.7937100902,-0.3970638774,-3.7004396239, 8.6253573795
801.0000000000, 3.5883249563,-2.8132251230,-0.8434488820,-0.3968444303,-3.7296958680, 8.9387508617
802.0000000000, 3.5857452919,-2.7941612245,-0.8231818483,-0.4140012376,-3.4564917375, 9.4449331172
803.0000000000, 3.6727164746,-2.5576468317,-0.8164856099,-0.4453031888,-3.5790204205, 8.5806566047
804.0000000000, 3.6430163911,-2.6680702438,-0.7818065645,-0.4235450528,-3.3367863097, 9.0215819101
805.0000000000, 3.6266740469,-2.7235480550,-0.8398913905,-0.4015340848,-3.3781028961, 8.9271437205
806.0000000000, 3.6446045861,-2.7133919867,-0.8177312782,-0.4165813582,-3.5843920921, 8.6797905383
807.0000000000, 3.6235334640,-2.9021207046,-0.8339623933,-0.3931170934,-3.5454281049, 8.9960414192
808.0000000000, 3.6278978648,-2.5182039719,-0.8580780743,-0.4553231955,-3.3462595907, 9.1158751544
809.0000000000, 3.6316264107,-2.8305185476,-0.8697951718,-0.3636053634,-3.6077318460, 8.4628680263
810.0000000000, 3.5784533747,-2.8500096404,-0.8677204091,-0.3883211323,-3.6107424144, 9.2363752851
811.0000000000, 3.6193829807,-2.6686098852,-0.8960181729,-0.3946292852,-3.4723755647, 8.8575641582
812.0000000000, 3.6393669367,-2.5926622185,-0.8536960737,-0.4331529242,-3.5869179905, 8.8502785083
813.0000000000, 3.6171355286,-2.8064527155,-0.7691531109,-0.4120733296,-3.2704562315, 8.8197801051
814.0000000000, 3.6152477089,-2.7513653653,-0.8360532171,-0.3856634502,-3.7349869780, 8.5413811271
815.0000000000, 3.6644477851,-2.6205450083,-0.8266047162,-0.4396298535,-3.7120795664, 9.0199206726
816.0000000000, 3.5735236635,-2.7678765337,-0.7894266156,-0.4468029611,-3.5430126925, 9.0208285563
817.0000000000, 3.6023196018,-2.7355650527,-0.8081341584,-0.3993570064,-3.6416856957, 9.0290638277
818.0000000000, 3.5912265739,-2.8514045043,-0.8284842909,-0.3836985938,-3.6269031002, 8.8875361697
819.0000000000, 3.6519106653,-2.5969954682,-0.8173813111,-0.4302452924,-3.4220441612, 8.7717099223
820.0000000000, 3.5910356774,-2.7387919369,-0.7905800550,-0.4173269027,-3.2876120174, 8.9491480624
821.0000000000, 3.6416352757,-2.7196412931,-0.8331723477,-0.4245102486,-3.4576659989, 8.6569890394
822.0000000000, 3.6187980570,-2.5886742931,-0.8214755248,-0.4240927443,-3.5238152560, 8.3801362529
823.0000000000, 3.6407477774,-2.6545915831,-0.8929480413,-0.4146639132,-3.4367876895, 8.8469649526
824.0000000000, 3.6035477221,-2.5972452241,-0.8077652787,-0.4196391478,-3.5570016311, 8.5098050168
825.0000000000, 3.5574202280,-2.7587539493,-0.7423176586,-0.4028557484,-3.4153176473, 8.6235123505
826.0000000000, 3.6065801730,-2.7317995017,-0.8226678569,-0.4186223563,-3.3963985926, 9.2197644949
827.0000000000, 3.5635254121,-2.7308719836,-0.7578166576,-0.4147582678,-3.8485951738, 8.8798812399
828.0000000000, 3.5997442893,-2.6415768886,-0.8054106648,-0.4031719231,-3.8315671548, 8.5291069575
829.0000000000, 3.5557239400,-2.6783633447,-0.8178460620,-0.4236217775,-3.6512253663, 8.8290408335
830.0000000000, 3.6189361813,-2.7070929957,-0.8575798129,-0.4092459779,-3.4972022110, 8.5867646671
831.0000000000, 3.7066282695,-2.5096360705,-0.8428779436,-0.4405347114,-3.6565233389, 8.7232683545
832.0000000000, 3.5908476168,-2.7923630753,-0.8084535589,-0.4021587755,-3.5862697425, 8.6921612026
833.0000000000, 3.6150569310,-2.6457894795,-0.8500385625,-0.4320714620,-3.4629250637, 8.7919920201
834.0000000000, 3.5936788007,-2.6045104466,-0.7974905504,-0.4379428344,-3.7061657586, 8.6423786255
835.0000000000, 3.5921259615,-2.6031534708,-0.8206356928,-0.4313326396,-3.5861350289, 8.8934348898
836.0000000000, 3.5785124872,-2.7511320240,-0.8060637676,-0.4140152681,-3.4587301827, 9.2156642976
837.0000000000, 3.6775304019,-2.7872316633,-0.7703954347,-0.4203317528,-3.3885771351, 8.8165181603
838.0000000000, 3.5661396226,-2.7171248684,-0.8323385276,-0.4281289703,-3.6399957304, 9.1956093256
839.0000000000, 3.6147335553,-2.6079466377,-0.8620058111,-0.4243277814,-3.4626112368, 8.8285120318
840.0000000000, 3.5851575295,-2.7013681073,-0.8189264992,-0.4190043702,-3.6085621987, 8.9548555051
841.0000000000, 3.6236737593,-2.9360727165,-0.7935014972,-0.4012028798,-3.5651363701, 9.1153111350
842.0000000000, 3.6371531078,-2.6515933766,-0.7758990099,-0.4381170993,-3.3831914884, 8.9778422236
843.0000000000, 3.6459573601,-2.6113744669,-0.8078145631,-0.4359059661,-3.4381734070, 8.8017563124
844.0000000000, 3.5721573828,-2.6316814924,-0.8842980566,-0.3988125227,-3.9041212840, 8.6329638800
845.0000000000, 3.6222797647,-2.5907638620,-0.8623711574,-0.4133541213,-3.7097370674, 8.3108298084
846.0000000000, 3.5781043681,-2.7513107874,-0.7971012146,-0.4007956944,-3.7582394563, 8.7580551524
847.0000000000, 3.6866916914,-2.8249567722,-0.7895421295,-0.4149655730,-3.4574934541, 8.4945241037
848.0000000000, 3.5957527917,-2.6048434306,-0.7940555835,-0.4283983837,-3.5911491866, 8.7735699067
849.0000000000, 3.6511168607,-2.8308642157,-0.8154877927,-0.4036348885,-3.3827681269, 8.8398319188
850.0000000000, 3.5901606026,-2.6320577590,-0.8523999226,-0.4144822095,-3.7737898604, 9.0777457838
851.0000000000, 3.6672471862,-2.5440495056,-0.8343757601,-0.4348133109,-3.4281507486, 8.7726574279
852.0000000000, 3.6780920756,-2.6733357994,-0.7889018759,-0.4335754588,-3.3367704069, 9.1475317194
853.0000000000, 3.6300660520,-2.8780675620,-0.8274542668,-0.4068068856,-3.4144061622, 8.9828109764
854.0000000000, 3.6446409864,-2.5594894765,-0.8241898058,-0.4215645851,-3.5243803349, 8.4518953570
855.0000000000, 3.6562714083,-2.6315101848,-0.8227271761,-0.4476357890,-3.2945251753, 8.7330090595
856.0000000000, 3.6359117808,-2.4968018895,-0.8335800956,-0.4189719514,-3.7023054462, 8.6113222011
857.0000000000, 3.5474443948,-2.9240044405,-0.8111735313,-0.3904873367,-3.5743324024, 9.0114650691
858.0000000000, 3.5900094604,-2.7465951128,-0.7782666150,-0.4068677481,-3.6376384589, 8.7864646385
859.0000000000, 3.6393732098,-2.6049152050,-0.8318383877,-0.4241799714,-3.4367500720, 8.3758464845
860.0000000000, 3.5979983892,-2.7884579059,-0.8603624676,-0.4026364548,-3.3958836983, 9.1702049712
861.0000000000, 3.6244459891,-2.6509082686,-0.7358668989,-0.4429416566,-3.6319136707, 9.1224622556
862.0000000000, 3.6249638174,-2.5875483876,-0.8158750955,-0.4396093772,-3.7065039161, 8.8771438768
863.0000000000, 3.6257294094,-2.6700211383,-0.7986208426,-0.4294907184,-3.4602982686, 8.8311622384
864.0000000000, 3.5910209711,-2.5957791200,-0.8674538088,-0.4269180236,-3.4485400023, 8.9703602101
865.0000000000, 3.5968194656,-2.5492759179,-0.8175966829,-0.4160522890,-3.5026270424, 8.5566365172
866.0000000000, 3.6255966313,-2.6628839171,-0.8071374378,-0.4339815025,-3.6497654992, 8.9244705126
867.0000000000, 3.6572238995,-2.7384495563,-0.7133415246,-0.4023021509,-3.7776888902, 8.1082556959
868.0000000000, 3.6544087763,-2.6520494527,-0.7716351078,-0.4121646584,-3.5483472817, 8.8845370928
869.0000000000, 3.6175086230,-2.8218455263,-0.7749003070,-0.4314578279,-3.4322926105, 9.1570166307
870.0000000000, 3.5602944375,-2.7381361678,-0.8409665705,-0.4339426785,-3.7167421791, 9.2630261895
871.0000000000, 3.6587010238,-2.6799249141,-0.8501169656,-0.3924149718,-3.5095034455, 8.4673454520
872.0000000000, 3.6014245064,-2.6896394742,-0.8602746786,-0.3766073688,-3.8884923354, 8.8118989435
873.0000000000, 3.6394476676,-2.5656010068,-0.8116862670,-0.4175752916,-3.5064021895, 8.2812613453
874.0000000000, 3.5822193457,-2.8466375142,-0.8243837419,-0.3976264386,-3.4927526281, 8.9262189943
875.0000000000, 3.6569829703,-2.5603603908,-0.9015155524,-0.4119542464,-3.5709991554, 8.5475314443
876.0000000000, 3.6447011670,-2.5883612775,-0.8627503464,-0.4074102749,-3.5533383944, 8.3542651528
877.0000000000, 3.5990967036,-2.8376603633,-0.9033252725,-0.4067513259,-3.2328239314, 9.3583842801
878.0000000000, 3.6314325633,-2.7350037756,-0.7891491194,-0.4292143222,-3.6426591607, 8.9119091487
879.0000000000, 3.6413392775,-2.5218852517,-0.8265210463,-0.4570740124,-3.4394787523, 9.1066436459
880.0000000000, 3.5762518089,-2.4756951136,-0.8626731597,-0.4509120130,-3.7371411864, 9.0627264536
881.0000000000, 3.6119007689,-2.7125149776,-0.7617264191,-0.4198435091,-3.4214478223, 8.8784131873
882.0000000000, 3.6310192196,-2.7214883866,-0.8464365141,-0.4268929785,-3.4853924417, 9.2455876484
883.0000000000, 3.5915506641,-2.8336695325,-0.8005092181,-0.3842558714,-3.5461814900, 8.8389317342
884.0000000000, 3.6496869884,-2.6698108177,-0.7993179009,-0.4290370167,-3.4574455649, 8.4651136577
885.0000000000, 3.6343525458,-2.6205285074,-0.8115776144,-0.4374422028,-3.4146689251, 8.8721113344
886.0000000000, 3.6626449099,-2.7195082510,-0.8353775758,-0.3847834058,-3.7328260608, 8.5130207345
887.0000000000, 3.6263073084,-2.7198310215,-0.7083618676,-0.4598966320,-3.4906200316, 8.8152153132
888.0000000000, 3.5951752128,-2.5537535918,-0.8633390465,-0.4085229742,-3.5917771713, 8.5270923260
889.0000000000, 3.6770852801,-2.7846854275,-0.8132808337,-0.4213264191,-3.8721062592, 8.8127078279
890.0000000000, 3.6447208047,-2.8525266972,-0.8368135387,-0.4133042654,-3.5240275865, 8.9885583488
891.0000000000, 3.5738245980,-2.6841154341,-0.8087044761,-0.4259787945,-3.6573546007, 8.9010968326
892.0000000000, 3.6165918010,-2.5103695507,-0.8556111720,-0.4333233300,-3.5480553896, 8.9212141480
893.0000000000, 3.6429821128,-2.7078011515,-0.8261003460,-0.4218292669,-3.1546073832, 8.6540324484
894.0000000000, 3.6558760567,-2.5603056521,-0.8510384873,-0.4348264954,-3.5837779546, 8.8644418332
895.0000000000, 3.6097998716,-2.7027814667,-0.8969021851,-0.4132003516,-3.5839221419, 9.3020558092
896.0000000000, 3.5864129130,-2.5652522613,-0.7847029875,-0.4216320035,-3.6051065147, 8.6045141597
897.0000000000, 3.6088630142,-2.7851216814,-0.8556026436,-0.4332877760,-3.4043755676, 9.2233335150
898.0000000000, 3.6537467839,-2.4594869650,-0.7935912559,-0.4657758581,-3.4745923449, 8.8273416400
899.0000000000, 3.6246274543,-2.7770996535,-0.7995553594,-0.4520829754,-3.3542891087, 9.4846332410
900.0000000000, 3.6425690608,-2.7337067239,-0.8508629548,-0.4297341644,-3.4486120380, 9.1968401679
401.0000000000, 3.5984610620,-2.7387315585,-0.8398433318,-0.4000530505,-3.6633072062, 8.9844479956
402.0000000000, 3.6184585969,-2.7504666150,-0.7834224413,-0.3934345832,-3.4326919703, 8.6677593666
403.0000000000, 3.5311221466,-2.8096261205,-0.8471086805,-0.3993844092,-3.7997020445, 9.1986562711
404.0000000000, 3.6202955271,-2.6898254944,-0.8244771937,-0.4302595851,-3.2955208501, 8.6513222703
405.0000000000, 3.6583250508,-2.5345993212,-0.8331868682,-0.4427571093,-3.4946305853, 8.8510637659
406.0000000000, 3.5830722145,-2.6242492920,-0.8543945653,-0.4243508631,-3.4045011134, 9.2332635991
407.0000000000, 3.6021766116,-2.7579744192,-0.7524951601,-0.4242921008,-3.5236699929, 8.9458417339
408.0000000000, 3.6358896749,-2.6764369472,-0.8281766676,-0.4475439122,-3.3799715494, 8.9417297142
409.0000000000, 3.6379395719,-2.5959372233,-0.8293544275,-0.4153480922,-3.8626554652, 8.2635223785
410.0000000000, 3.5716533360,-2.7746543880,-0.8165304294,-0.4243637427,-3.5509584543, 9.1322227778
411.0000000000, 3.6200336505,-2.6679174547,-0.8042731346,-0.4354868102,-3.3653397373, 8.4270160853
412.0000000000, 3.6051758408,-2.6807328753,-0.7862176286,-0.4134634624,-3.5907263962, 9.0290802143
413.0000000000, 3.7088474312,-2.6017605750,-0.7842990614,-0.4511725049,-3.1774048044, 8.7022756052
414.0000000000, 3.5474660421,-2.8131028141,-0.7931792849,-0.4244814201,-3.5334771669, 9.3588263690
415.0000000000, 3.5926353099,-2.5786244915,-0.8609263144,-0.4288194349,-3.5928586370, 8.8236337692
416.0000000000, 3.6443680195,-2.6727766848,-0.8182486180,-0.4265341479,-3.4432254518, 8.7916904339
417.0000000000, 3.6070493620,-2.6888953312,-0.8076068723,-0.4064493208,-3.8471503264, 8.9452734758
418.0000000000, 3.6054862695,-2.6948364585,-0.8458493872,-0.4180870035,-3.4948721125, 9.0729691013
419.0000000000, 3.6462067143,-2.5285879554,-0.9151070781,-0.4449675974,-3.5318012274, 8.9617299836
420.0000000000, 3.6179783420,-2.7383985985,-0.8282001441,-0.3967521012,-3.4032665090, 8.7914181131
421.0000000000, 3.6097166690,-2.7094389225,-0.8107819132,-0.4309710930,-3.4772691519, 8.8089675103
422.0000000000, 3.5984394001,-2.6667980450,-0.8116509708,-0.4163517530,-3.4633598933, 9.0936596840
423.0000000000, 3.5774166373,-2.8370803081,-0.8386020511,-0.3816643400,-3.6601983629, 9.0981819106
424.0000000000, 3.5998361310,-2.6401543786,-0.8332838874,-0.4328578731,-3.7026179118, 8.9731454209
425.0000000000, 3.5813866071,-2.6583922065,-0.8363632012,-0.3890143608,-3.6212065543, 8.5488075773
426.0000000000, 3.5923338619,-2.7171814955,-0.8398294850,-0.4154400216,-3.7543389113, 8.5763890203
427.0000000000, 3.5705503585,-2.6938056964,-0.8755467067,-0.4005523919,-3.7533040869, 8.7223258762
428.0000000000, 3.6232281902,-2.8281304043,-0.7959154108,-0.4317468450,-3.4373070054, 9.1006960153
429.0000000000, 3.5760438500,-2.6506068875,-0.8278591068,-0.4177866859,-3.5746911835, 9.1515701159
430.0000000000, 3.6400258443,-2.6113447918,-0.7997869205,-0.4355547999,-3.5580562723, 8.7692874519
431.0000000000, 3.5996512966,-2.7098919496,-0.7967293433,-0.4170129458,-3.6119044146, 8.8558208354
432.0000000000, 3.5635145280,-2.7625344555,-0.8130014023,-0.4162222520,-3.4808248143, 9.0992081143
433.0000000000, 3.6139262331,-2.5773648199,-0.8333813590,-0.4230865525,-3.8902792362, 8.7973882409
434.0000000000, 3.6238403897,-2.7158785030,-0.7930730403,-0.4257964745,-3.4394785649, 9.2443305125
435.0000000000, 3.6741399605,-2.6537403319,-0.7485303233,-0.4202602171,-3.6612991530, 8.4524149721
436.0000000000, 3.5732054285,-2.6484087133,-0.8258211785,-0.4228471888,-3.5434165900, 9.2131394816
437.0000000000, 3.6247239254,-2.7890142349,-0.8387106549,-0.4110490803,-3.3926650184, 8.9560596098
438.0000000000, 3.5915596733,-2.8138063564,-0.7968993414,-0.4123686767,-3.5765230978, 9.1890245239
439.0000000000, 3.5886712791,-2.6671975695,-0.8628473132,-0.4211783424,-3.4377779574, 8.9092051391
440.0000000000, 3.6001159754,-2.9546675308,-0.8226674818,-0.4032038490,-3.3072660010, 9.1479775838
441.0000000000, 3.5942881937,-2.6259488055,-0.8344460687,-0.4140127811,-3.4822776902, 8.4044973538
442.0000000000, 3.6860770589,-2.6744817844,-0.8213836461,-0.4100362848,-3.4782741916, 8.1903074875
443.0000000000, 3.6238411648,-2.6682875791,-0.7874017684,-0.4095589603,-3.5439256162, 8.7476238082
444.0000000000, 3.6163811815,-2.7351941118,-0.8683560144,-0.3952285172,-3.5536938442, 9.0183044939
445.0000000000, 3.5985799531,-2.6016469494,-0.8024533687,-0.3966951745,-3.5937837866, 8.4859975380
446.0000000000, 3.5938085562,-2.5900167340,-0.8385890237,-0.4009324008,-3.5494957793, 8.6237451388
447.0000000000, 3.6009808750,-2.5530571673,-0.8817235051,-0.4393056594,-3.6401227369, 9.1294726221
448.0000000000, 3.6108483933,-2.7450423486,-0.8511602489,-0.4023722790,-3.5881414513, 9.1861366283
449.0000000000, 3.6117995063,-2.6404291919,-0.8450987211,-0.4350527289,-3.6305108699, 9.1253806860
450.0000000000, 3.6100965480,-2.7505317040,-0.8422278107,-0.4258616330,-3.6972730718, 8.8281648248
501.0000000000, 3.5657393800,-2.8297866926,-0.8430301798,-0.3682854463,-3.7254735535, 9.0483456312
502.0000000000, 3.6174167571,-2.7088183664,-0.8309541211,-0.4287316978,-3.6212128044, 8.9648477729
503.0000000000, 3.5654880959,-2.6457605131,-0.8439367311,-0.4045070868,-3.7118000074, 8.8960725247
504.0000000000, 3.5789846048,-2.7217443142,-0.8356410328,-0.3844928209,-3.4487417489, 8.5453926903
505.0000000000, 3.6437568579,-2.6330598462,-0.8408022017,-0.4145085880,-3.5701428525, 8.5624006864
506.0000000000, 3.6464738186,-2.5824286673,-0.8858608372,-0.4280215457,-3.5424263220, 9.0178554202
507.0000000000, 3.5925920377,-2.7182354837,-0.8206106504,-0.4480393098,-3.4713140187, 9.3100436711
508.0000000000, 3.6964593555,-2.6980832196,-0.8004675073,-0.4308112006,-3.6913193004, 8.8386827948
509.0000000000, 3.6062913170,-2.5917089564,-0.9058639380,-0.4018947508,-3.6351872445, 8.7105997339
510.0000000000, 3.6019467588,-2.8039963048,-0.8016590603,-0.4091954070,-3.5117072738, 8.6539644174
511.0000000000, 3.5922131673,-2.7497439731,-0.8357693047,-0.4012945669,-3.7828084227, 8.7214179895
512.0000000000, 3.6022133990,-2.6316224758,-0.8507077089,-0.4292645113,-3.6889803397, 9.1426023361
513.0000000000, 3.6056561742,-2.6439189079,-0.9139997946,-0.4386315882,-3.3314147488, 8.9464661671
514.0000000000, 3.6871163612,-2.5907247867,-0.8000931308,-0.4498889867,-3.3751275303, 9.0668568923
515.0000000000, 3.6309638317,-2.5809857037,-0.7620667818,-0.4642618501,-3.5278780064, 8.7270565515
516.0000000000, 3.5860531962,-2.7924029066,-0.7996290018,-0.4056438389,-3.6117473221, 8.7170796632
517.0000000000, 3.6310576492,-2.7067206405,-0.7711814940,-0.4260817723,-3.7397438006, 8.9090997331
518.0000000000, 3.6369410520,-2.7253112715,-0.7632269071,-0.3892788490,-3.5206202352, 8.3749780334
519.0000000000, 3.5870491475,-2.6848088787,-0.8560219091,-0.4086160887,-3.5154642454, 8.9489108195
520.0000000000, 3.6268108526,-2.6573483472,-0.7912539221,-0.4387860327,-3.5614559688, 8.8461172443
521.0000000000, 3.6723796725,-2.6938532761,-0.7863923579,-0.4195798778,-3.5869850281, 8.3997882762
522.0000000000, 3.5844889855,-2.7587248040,-0.8272026509,-0.3802799844,-3.9583925546, 9.1373637733
523.0000000000, 3.6305954985,-2.6798842461,-0.7974707276,-0.4180339398,-3.6594982295, 8.7484315880
524.0000000000, 3.6126862395,-2.7004690757,-0.7910705676,-0.4026227638,-3.6176457933, 8.1850333269
525.0000000000, 3.6503272441,-2.6994871406,-0.8236254448,-0.4092389520,-3.4467510859, 8.4471887301
526.0000000000, 3.5755792952,-2.7505690091,-0.7929423402,-0.4188036296,-3.5819821993, 8.9874612994
527.0000000000, 3.6282909636,-2.6458980798,-0.8138454821,-0.4067473473,-3.4387374678, 8.5906228009
528.0000000000, 3.5853512976,-2.5725772402,-0.8626240205,-0.4384475465,-3.5018687815, 9.2022457660
529.0000000000, 3.6206655707,-2.6271122723,-0.7722355312,-0.4355299156,-3.5257819299, 8.7442995811
530.0000000000, 3.6421258981,-2.6936252625,-0.8155569118,-0.4291098407,-3.4359784605, 9.0720646174
531.0000000000, 3.6151729667,-2.6906544323,-0.8416721778,-0.4148928902,-3.5487591676, 9.0132538816
532.0000000000, 3.6013294494,-2.8176576048,-0.8061499144,-0.4306941336,-3.3618577353, 9.1596410652
533.0000000000, 3.6308262042,-2.6976597366,-0.8872120071,-0.4126871198,-3.4367829967, 8.8295885159
534.0000000000, 3.5887582984,-2.8094735865,-0.8769220576,-0.3740487434,-3.2355118097, 8.8024929726
535.0000000000, 3.6652582877,-2.6194449897,-0.8056048934,-0.4337826681,-3.4410374354, 8.6821066215
536.0000000000, 3.6360584011,-2.7382054820,-0.8288579466,-0.3834880521,-3.6195541736, 8.1884818508
537.0000000000, 3.6410184160,-2.6289583371,-0.8622042533,-0.4390073499,-3.6523755384, 8.6708459364
538.0000000000, 3.6705621977,-2.5938330906,-0.8130571653,-0.4334074221,-3.5881604097, 8.4236886450
539.0000000000, 3.6063816432,-2.6645097833,-0.7815902442,-0.4472632330,-3.4622950208, 9.0301733685
540.0000000000, 3.5851514051,-2.6590639075,-0.8037857359,-0.4222807902,-3.5972156277, 9.1318341762
541.0000000000, 3.6166419058,-2.9187329621,-0.7954616478,-0.3834797949,-3.8282951731, 8.4684130325
542.0000000000, 3.5838583258,-2.7193656652,-0.7536400035,-0.4445874525,-3.5691759950, 9.2085391113
543.0000000000, 3.5639587486,-2.7298955807,-0.8358478214,-0.4046097784,-3.5664092093, 8.5958691135
544.0000000000, 3.5970780455,-2.6351767185,-0.7783114059,-0.4174535560,-3.5111169791, 8.6746632125
545.0000000000, 3.6586905051,-2.5911925422,-0.8224531371,-0.4309775850,-3.3310007098, 8.8038782373
546.0000000000, 3.5601440044,-2.7669048554,-0.8160687891,-0.3858301132,-3.6238090915, 8.7209436896
547.0000000000, 3.6415779490,-2.7158241610,-0.8535812928,-0.4112322327,-3.5191731547, 8.6829697533
548.0000000000, 3.5499338468,-2.8070830722,-0.8069344554,-0.4068721790,-3.5706897355, 9.3060921788
549.0000000000, 3.5887254558,-2.8162711284,-0.8400586791,-0.3814114509,-3.3860500459, 9.0000001351
550.0000000000, 3.6303598993,-2.6257948472,-0.7977447491,-0.4368541738,-3.2888839086, 8.9050749764
701.0000000000, 3.5715512112,-2.6847265590,-0.7955289514,-0.4337377147,-3.2716573944, 9.1633758967
702.0000000000, 3.6298940071,-2.7716842143,-0.8048991691,-0.4132015548,-3.4507477654, 8.8854172989
703.0000000000, 3.6412057885,-2.6988909051,-0.8566524083,-0.4028120977,-3.3548548386, 8.4823970390
704.0000000000, 3.6247778521,-2.4512218576,-0.8729731639,-0.4276735629,-3.4817208817, 8.6527061602
705.0000000000, 3.6328510357,-2.7522376476,-0.8268245695,-0.4088081181,-3.5377089294, 9.0156477082
706.0000000000, 3.6158000134,-2.7116339368,-0.8537197471,-0.4087520765,-3.3288893246, 8.6323605949
707.0000000000, 3.6299416002,-2.7024629389,-0.9197228360,-0.4039876973,-3.6834730774, 9.1208295128
708.0000000000, 3.6575163396,-2.5144628052,-0.8723053879,-0.4404594844,-3.5889224678, 8.8286649939
709.0000000000, 3.6334723287,-2.7377767347,-0.8245391079,-0.4203341310,-3.4661774518, 8.6300466308
710.0000000000, 3.5561602059,-2.7038628143,-0.8633671330,-0.4103053218,-3.7253174193, 9.2331077871
711.0000000000, 3.6117869372,-2.8017349027,-0.8140605885,-0.4117757782,-3.5318118770, 8.9479172689
712.0000000000, 3.6343254686,-2.8614276717,-0.7664631903,-0.4480943380,-3.1526891876, 9.3383572324
713.0000000000, 3.5964010556,-2.8590443029,-0.7515499826,-0.4157409880,-3.6463567711, 9.1156847510
714.0000000000, 3.5747786287,-2.6493301552,-0.8021286961,-0.4259275970,-3.5879531017, 8.7910212900
715.0000000000, 3.5815130340,-2.8323365975,-0.8453377205,-0.4118999874,-3.5860143853, 9.0550743282
716.0000000000, 3.5627980089,-2.6452550706,-0.8533607353,-0.4464857015,-3.4231226413, 9.3139163182
717.0000000000, 3.6117193411,-2.7024153623,-0.8274518419,-0.4320176971,-3.4711829615, 8.7956506106
718.0000000000, 3.6789192720,-2.6111818413,-0.8661900275,-0.4356457786,-3.4088836131, 8.4972837412
719.0000000000, 3.6505310608,-2.7665726900,-0.7970076481,-0.4127726417,-3.6231182366, 8.5763196679
720.0000000000, 3.6388591307,-2.8307011399,-0.8309709477,-0.4208451027,-3.3432064006, 8.8953017608
721.0000000000, 3.6289232161,-2.7539148410,-0.7274263269,-0.4162746421,-3.4697367677, 8.6178787725
722.0000000000, 3.6188231604,-2.6003694337,-0.8043122141,-0.4230841742,-3.5785264094, 8.6971433566
723.0000000000, 3.6175946508,-2.5804874169,-0.7626597036,-0.4562264612,-3.5006720193, 8.7908036288
724.0000000000, 3.6432323410,-2.7901586408,-0.8436637564,-0.4360586131,-3.5846085998, 9.1250238879
725.0000000000, 3.5592643725,-2.8426910744,-0.8947164671,-0.3879873541,-3.5474121898, 9.6341870648
726.0000000000, 3.6495330035,-2.7286989304,-0.7498992054,-0.4228203899,-3.3417151505, 8.4459454091
727.0000000000, 3.5680685035,-2.7515338220,-0.7619598552,-0.4225843590,-3.5854865771, 9.1670977580
728.0000000000, 3.5855536933,-2.7844071693,-0.8938957265,-0.3920444635,-3.5471466698, 9.1750191471
729.0000000000, 3.6026453493,-2.7847823781,-0.7745196889,-0.3831476564,-3.6908538906, 8.5241928217
730.0000000000, 3.6310186676,-2.6190634697,-0.8330755181,-0.4220607711,-3.7052683082, 8.7117553407
731.0000000000, 3.5929494467,-2.7504065368,-0.8261934938,-0.3856324625,-3.5941406830, 8.5593851073
732.0000000000, 3.5395401303,-2.6358044640,-0.7859015446,-0.4280300996,-3.6865715697, 9.0673956384
733.0000000000, 3.6313173739,-2.6579125379,-0.7810852889,-0.4369556412,-3.6704707207, 8.8813683129
734.0000000000, 3.5666795986,-2.7781041830,-0.7877788058,-0.3959854951,-3.8159198181, 8.4719274888
735.0000000000, 3.5721873336,-2.6406608284,-0.9062943816,-0.3902978888,-3.7058812753, 8.6895636954
736.0000000000, 3.5680930672,-2.6611019244,-0.7957987149,-0.4277287923,-3.7145807516, 9.1299378291
737.0000000000, 3.6387906814,-2.6690436440,-0.8312240380,-0.4289021922,-3.5532561216, 8.9254305484
738.0000000000, 3.6518851321,-2.5613291387,-0.7962160550,-0.4316564794,-3.4474146592, 8.4422444151
739.0000000000, 3.6041135191,-2.6572298690,-0.7878546996,-0.4104016428,-3.7466345983, 8.4483313230
740.0000000000, 3.6332834211,-2.8233738467,-0.8118911807,-0.4403550083,-3.4285826828, 9.3141086766
741.0000000000, 3.6427074365,-2.8778420473,-0.8391286188,-0.4037204289,-3.4696153782, 8.6888318039
742.0000000000, 3.5795345451,-2.5856385633,-0.8378872130,-0.4364988865,-3.4669263416, 8.5505480086
743.0000000000, 3.6175798565,-2.7491950886,-0.7902139627,-0.4254800455,-3.2016064822, 8.8356581769
744.0000000000, 3.6532952045,-2.6153961208,-0.8429861447,-0.3952074272,-3.6720121756, 8.2676185778
745.0000000000, 3.6142076089,-2.8335856943,-0.8600164454,-0.4193912028,-3.3970396715, 9.2692009440
746.0000000000, 3.6629265288,-2.6812632767,-0.9022552766,-0.4048596292,-3.5140911252, 8.3436734379
747.0000000000, 3.6016667303,-2.5063418404,-0.8648791107,-0.4227687059,-3.6466367380, 8.5407231526
748.0000000000, 3.6836862182,-2.7364943259,-0.8410541821,-0.4181936500,-3.4263208034, 8.7228914030
749.0000000000, 3.6020778281,-2.6325960071,-0.8396937057,-0.4244499329,-3.5834629646, 8.5973576435
750.0000000000, 3.6201031204,-2.6501810902,-0.8203926537,-0.4402035815,-3.3845144862, 8.7684851984
351.0000000000, 3.6125464342,-2.6739646464,-0.8679176384,-0.4061227319,-3.6722205731, 8.9536541749
352.0000000000, 3.6010362726,-2.7053567898,-0.8282781285,-0.4125505569,-3.4130417152, 8.9358342966
353.0000000000, 3.6267856594,-2.7016545954,-0.8318640566,-0.4097614110,-3.5648604683, 8.7630941924
354.0000000000, 3.6106551889,-2.5286267079,-0.8636176189,-0.4287678955,-3.5383455811, 8.5935202923
355.0000000000, 3.6637123323,-2.5492493745,-0.8254909143,-0.4437437170,-3.3565149994, 8.7429811688
356.0000000000, 3.6533289268,-2.8347413066,-0.8328176230,-0.3822448959,-3.9027094268, 8.7234953897
357.0000000000, 3.6638113338,-2.4877369302,-0.7971529572,-0.4529580430,-3.8234813545, 8.5716085813
358.0000000000, 3.6111802018,-2.7108216292,-0.8140081563,-0.4296917603,-3.3885238058, 9.1384672959
359.0000000000, 3.6149763162,-2.6267519728,-0.8229484342,-0.4305120077,-3.6273662809, 8.6910207557
360.0000000000, 3.6370167152,-2.5343075444,-0.8271888975,-0.4192200110,-3.4196518634, 8.6355467082
361.0000000000, 3.6429582677,-2.6132254996,-0.7985622275,-0.4249939978,-3.7676530280, 8.4748884331
362.0000000000, 3.5976778022,-2.7647778488,-0.8066004273,-0.3808791150,-3.5276783060, 8.5470317185
363.0000000000, 3.6180322466,-2.4528335605,-0.8229236021,-0.4568699152,-3.7191333603, 9.0519419363
364.0000000000, 3.6166593913,-2.6888041899,-0.7972317106,-0.4179738434,-3.2734763866, 9.0744964950
365.0000000000, 3.5965428246,-2.7744530901,-0.8440843111,-0.3904889376,-3.5546649148, 8.8125841524
366.0000000000, 3.5944288000,-2.7200807428,-0.8509029012,-0.4283476233,-3.5574622018, 9.1153618597
367.0000000000, 3.5988092541,-2.8067721408,-0.8205566390,-0.4115311209,-3.4784062104, 8.8376164314
368.0000000000, 3.6546028813,-2.6913263299,-0.7929834702,-0.4112082393,-3.7112592647, 8.8056588959
369.0000000000, 3.5794375321,-2.7227842404,-0.8004947400,-0.3988148641,-3.7517721335, 8.5658534580
370.0000000000, 3.6010432025,-2.6275132922,-0.8155123603,-0.4107623108,-3.6900291938, 8.8343003076
371.0000000000, 3.6382011358,-2.7778484027,-0.8119430512,-0.4292302990,-3.4771302379, 9.1007205993
372.0000000000, 3.6152847805,-2.7716138783,-0.8016565343,-0.4068083368,-3.3514640568, 8.7385670870
373.0000000000, 3.6927270921,-2.6315872002,-0.8246371807,-0.4267796971,-3.3313902128, 8.6122142024
374.0000000000, 3.6076537200,-2.6036652811,-0.8561812072,-0.4264520013,-3.6318264341, 8.9177097138
375.0000000000, 3.6241107928,-2.7221785794,-0.7953196191,-0.4342003185,-3.3639732151, 9.0119482931
376.0000000000, 3.5982137672,-2.7249292023,-0.8598323352,-0.4281954786,-3.4440661408, 9.0861537115
377.0000000000, 3.6810818932,-2.9094387293,-0.8188324453,-0.4179130877,-3.2703569524, 9.1299611422
378.0000000000, 3.5659918608,-2.6800382437,-0.8651212975,-0.4026711853,-3.6851897216, 9.0967098377
379.0000000000, 3.7389926174,-2.6349805174,-0.8564162706,-0.4346064623,-3.4784105532, 8.3487375033
380.0000000000, 3.5949785976,-2.6759880044,-0.8465210533,-0.4036367492,-3.4266987598, 8.8140405234
381.0000000000, 3.6402654262,-2.6139972942,-0.8232157856,-0.4164442313,-3.8127871138, 8.6341356122
382.0000000000, 3.6291414976,-2.5143933251,-0.8208213700,-0.4233327746,-3.5451134114, 8.6519635096
383.0000000000, 3.5746563907,-2.8391296951,-0.8197609463,-0.4230846139,-3.4099027440, 9.1859123188
384.0000000000, 3.6288280373,-2.5700772415,-0.7725806894,-0.4473236104,-3.3774679320, 8.5665401775
385.0000000000, 3.5661401222,-2.7681819193,-0.8038657737,-0.4208365962,-3.3822508699, 9.1356051152
386.0000000000, 3.6167719158,-2.5647203580,-0.8833918731,-0.4324315960,-3.4665212317, 8.8921112091
387.0000000000, 3.6295336501,-2.5596493771,-0.8714349380,-0.4349421939,-3.7736224336, 8.9440223705
388.0000000000, 3.6870938990,-2.6603405226,-0.7719534272,-0.4414741788,-3.4902976333, 8.8790626133
389.0000000000, 3.5750128941,-2.7099616777,-0.8138761021,-0.4260963394,-3.4708672879, 9.4462661075
390.0000000000, 3.5677750339,-2.5654747728,-0.8302380241,-0.4392147477,-3.5215584309, 8.9640365377
391.0000000000, 3.6068593270,-2.8744678681,-0.7825218334,-0.4027407607,-3.4272953095, 9.2765096830
392.0000000000, 3.6522859190,-2.6364312759,-0.8011587441,-0.4254275540,-3.4972412984, 8.7711189036
393.0000000000, 3.6808477058,-2.7031003931,-0.7698909638,-0.4270843052,-3.4947783365, 9.0064820869
394.0000000000, 3.6095459806,-2.7147047615,-0.8202129984,-0.4185082710,-3.5303441699, 9.0931218954
395.0000000000, 3.6178788398,-2.6680142147,-0.8769817844,-0.4091181810,-3.4193053130, 8.4682245838
396.0000000000, 3.6673927731,-2.5314617598,-0.8538851278,-0.4538115530,-3.8362852896, 8.8021498338
397.0000000000, 3.6706398025,-2.4393904590,-0.8201560607,-0.4447069803,-3.3806642526, 8.3678258265
398.0000000000, 3.6006881103,-2.7616800855,-0.7632955606,-0.4196350724,-3.6523973946, 8.9092094467
399.0000000000, 3.5765837130,-2.7414739010,-0.8104521843,-0.4076486916,-3.3490548436, 9.0434900011
400.0000000000, 3.6276875526,-2.7911753846,-0.7904171473,-0.4323633662,-3.2711252561, 9.2246343199
101.0000000000, 3.6233043190,-2.9334038592,-0.7791424554,-0.3729804132,-3.8376285575, 9.0262294485
102.0000000000, 3.6167488301,-2.7182255109,-0.8126132006,-0.4326520617,-3.5967189129, 8.7906594188
103.0000000000, 3.6098818187,-2.6942291576,-0.8156951743,-0.4172931521,-3.8020285395, 8.6240870157
104.0000000000, 3.5628799078,-2.8715785810,-0.7765086839,-0.4263635563,-3.6765966328, 9.3180383551
105.0000000000, 3.6636774010,-2.4609884136,-0.8408894709,-0.4425908240,-3.5849857685, 8.3917932725
106.0000000000, 3.6744751974,-2.7553503214,-0.7482846560,-0.3972492564,-3.4822290757, 8.3911384579
107.0000000000, 3.5986138994,-2.6376188850,-0.8306185732,-0.4483359950,-3.6323173646, 9.5113800899
108.0000000000, 3.6895217828,-2.7612068198,-0.7320976846,-0.4279997420,-3.7215025717, 8.4710354138
109.0000000000, 3.5979493863,-2.5793124553,-0.8159893690,-0.4138374010,-3.6964932103, 9.1825873284
110.0000000000, 3.6608987302,-2.7374416895,-0.7904790169,-0.4282110967,-3.4611064447, 8.8645404857
111.0000000000, 3.5746031594,-2.6690507399,-0.7878604834,-0.4118785639,-3.8603025068, 9.1248020509
112.0000000000, 3.5600994051,-2.7277184298,-0.7753437071,-0.4124348707,-3.6451506390, 9.0476550426
113.0000000000, 3.5953184818,-2.6093226459,-0.8180568508,-0.4235621773,-3.6902818165, 9.2231463277
114.0000000000, 3.6696300892,-2.5945265416,-0.7872235954,-0.4254777473,-3.6761356964, 8.3105260576
115.0000000000, 3.5983564806,-2.7888417031,-0.8344731781,-0.4284098092,-3.4618386934, 9.1541205506
116.0000000000, 3.5929986915,-2.7988844502,-0.8287811366,-0.4241403164,-3.4763610198, 9.4291841984
117.0000000000, 3.5922318581,-2.5396103444,-0.7759324359,-0.4440432459,-3.6277685266, 8.8674200317
118.0000000000, 3.6049836388,-2.6623866530,-0.8357677049,-0.4009533982,-3.4371990768, 8.4237538367
119.0000000000, 3.6512001296,-2.8001686833,-0.8004622315,-0.4239349099,-3.5368592334, 8.8496767230
120.0000000000, 3.6697591522,-2.4718854572,-0.8091677264,-0.4423008252,-3.6771631122, 8.3925378298
121.0000000000, 3.6493599994,-2.6154332273,-0.7741546109,-0.4562196541,-3.4463901782, 8.7120608724
122.0000000000, 3.6359287058,-2.6420792487,-0.8510225546,-0.4235092367,-3.3364279998, 8.8678561754
123.0000000000, 3.6568642296,-2.6561096356,-0.8815645964,-0.4348665652,-3.2959919221, 9.0547015449
124.0000000000, 3.6143080887,-2.7499766828,-0.7405790156,-0.4088870009,-3.3189957294, 8.9320348345
125.0000000000, 3.6390262394,-2.8209196971,-0.8241267508,-0.4260979981,-3.2651383659, 8.9137633109
126.0000000000, 3.5977479145,-2.7171465670,-0.7925500303,-0.4548058374,-3.2420876975, 9.2722931981
127.0000000000, 3.6487955593,-2.6629429778,-0.8419093728,-0.4236953070,-3.8488001916, 8.6015380023
128.0000000000, 3.5611294885,-2.6647182009,-0.8493172437,-0.3938718153,-3.5514648418, 9.0529319662
129.0000000000, 3.6028028886,-2.5840182118,-0.8292293901,-0.4295788517,-3.6850773030, 8.6610450074
130.0000000000, 3.6533801175,-2.6688701519,-0.7985620861,-0.4260866703,-3.6223015760, 8.9643912646
131.0000000000, 3.6244674587,-2.6444021480,-0.7923423489,-0.3926757086,-3.8089632255, 8.1724224108
132.0000000000, 3.6183532673,-2.7222668586,-0.7587476916,-0.4447221628,-3.3552157614, 9.0922991834
133.0000000000, 3.6393240355,-2.5205377371,-0.8493540796,-0.4107810756,-3.6835470358, 8.5365612423
134.0000000000, 3.5919592871,-2.7255317476,-0.8455605967,-0.4118635813,-3.4871973570, 8.8003075976
135.0000000000, 3.5993861132,-2.4855793242,-0.8360642705,-0.4552113474,-3.5805142330, 8.8298492774
136.0000000000, 3.6210546044,-2.7136639881,-0.8011432314,-0.4009660931,-3.5938701025, 8.8004714765
137.0000000000, 3.5698509421,-2.7408950657,-0.8449938539,-0.4244681151,-3.6849497384, 8.9027294865
138.0000000000, 3.5499898242,-2.9234566762,-0.7828563533,-0.3943626501,-3.4292153368, 8.8977258575
139.0000000000, 3.5722846588,-2.5725789196,-0.8608542452,-0.3881408921,-3.8910355703, 8.7374758308
140.0000000000, 3.6062868120,-2.7308746480,-0.8139007479,-0.4164888494,-3.8159254204, 8.6657120588
141.0000000000, 3.6462427190,-2.6222598813,-0.8319340134,-0.4304589150,-3.5060906469, 8.6683662610
142.0000000000, 3.6259538730,-2.7832606168,-0.7917887677,-0.4271199763,-3.6796807436, 9.3155466588
143.0000000000, 3.5715975465,-2.9106375827,-0.7961710548,-0.4011504709,-3.6973040040, 9.0214931452
144.0000000000, 3.6346635310,-2.6558515688,-0.8132591715,-0.4405363966,-3.4495267641, 9.0109749073
145.0000000000, 3.6158047969,-2.6306982547,-0.8308514478,-0.4430933291,-3.2544112136, 9.3550184879
146.0000000000, 3.6442137253,-2.8039939393,-0.7782223534,-0.4227674709,-3.6926370068, 8.9105346585
147.0000000000, 3.6425939308,-2.6903153729,-0.7769624294,-0.4176827670,-3.5674144837, 8.7136491634
148.0000000000, 3.5849450951,-2.9256196912,-0.8487084208,-0.4017576744,-3.5319305931, 9.3016069288
149.0000000000, 3.6296497369,-2.6518447954,-0.8002928898,-0.4287174898,-3.3312373190, 8.6792591228
150.0000000000, 3.6005675477,-2.5999902463,-0.8253055765,-0.4058710290,-3.5824642078, 8.6874359515
51.0000000000, 3.4968542448,-2.9022788595,-0.8507832234,-0.4000907187,-3.7120554260, 9.8241457810
52.0000000000, 3.5753613883,-2.6528005952,-0.8428923470,-0.4023789715,-3.8870597464, 8.5293807274
53.0000000000, 3.6600488407,-2.8391599089,-0.8404133280,-0.3996873761,-3.2301794426, 8.7122891447
54.0000000000, 3.6568740347,-2.7685285266,-0.8402001463,-0.4262440152,-3.5458414796, 8.9572692997
55.0000000000, 3.6020659618,-2.7522029539,-0.8641643985,-0.3831363352,-3.6314471340, 8.8737681900
56.0000000000, 3.6288550607,-2.5606129751,-0.7701246457,-0.4522808299,-3.4030555888, 8.4349115784
57.0000000000, 3.5428675900,-2.6096822514,-0.7954126609,-0.4198791546,-3.6246196137, 8.8988854168
58.0000000000, 3.5886888595,-2.8873291800,-0.8838782278,-0.3966102881,-3.3897878208, 9.0850078385
59.0000000000, 3.6113676512,-2.6476053958,-0.8408885974,-0.4091535941,-3.4931787139, 8.6709939671
60.0000000000, 3.5888124794,-2.6569481843,-0.8702780630,-0.3878986476,-3.6001415483, 8.9096142992
61.0000000000, 3.6429280096,-2.7826978992,-0.7721206132,-0.4125908585,-3.6181376652, 8.9793997687
62.0000000000, 3.6119657992,-2.8584754440,-0.8277973551,-0.3909812703,-3.3745700763, 8.9019419836
63.0000000000, 3.6341738706,-2.7357177899,-0.8102749515,-0.4280308898,-3.4366214552, 8.6615274427
64.0000000000, 3.6880073910,-2.5753452979,-0.8288735370,-0.4244579406,-3.5274990798, 8.5632862303
65.0000000000, 3.6190625310,-2.5834049023,-0.8822659396,-0.4298686611,-3.6654434588, 9.1240454590
66.0000000000, 3.6192902359,-2.7995556471,-0.8056461752,-0.4148817513,-3.5338187756, 8.9346446336
67.0000000000, 3.5776705902,-2.8344785073,-0.7928136433,-0.4191814779,-3.6589048794, 9.0543374950
68.0000000000, 3.5968139678,-2.9026974295,-0.8057538216,-0.4088844970,-3.6695849027, 8.9481977241
69.0000000000, 3.6137554699,-2.6391031365,-0.8062241255,-0.4590932383,-3.4544688119, 9.2615770178
70.0000000000, 3.5789247710,-2.7045865739,-0.8140610256,-0.4203096717,-3.6336215308, 9.0174557942
71.0000000000, 3.5747033002,-2.7406915232,-0.8495222286,-0.4237839475,-3.5608982972, 9.1826848870
72.0000000000, 3.6094798963,-2.6625220864,-0.8126460213,-0.4212181284,-3.4877424330, 8.6420554614
73.0000000000, 3.6236870295,-2.7193446792,-0.7833340125,-0.3913006424,-3.4264577772, 8.4005023926
74.0000000000, 3.5049726065,-2.7886344226,-0.8255190425,-0.3969660427,-3.8363296432, 8.6345373694
75.0000000000, 3.5707717316,-2.5565067076,-0.8570823755,-0.4139270914,-3.6829036531, 8.8273886658
76.0000000000, 3.6431580013,-2.7900404218,-0.8446886167,-0.3840245789,-3.6844941020, 8.1709060550
77.0000000000, 3.5870651242,-2.6538618384,-0.8805744183,-0.3969723899,-3.4894024237, 8.5187819104
78.0000000000, 3.6609541264,-2.6674576751,-0.8149155450,-0.4536781556,-3.4603276724, 9.1889056984
79.0000000000, 3.6351632366,-2.6746631560,-0.8284766724,-0.4131511062,-3.5786244443, 8.7430202983
80.0000000000, 3.5717197790,-2.6684365859,-0.7819573756,-0.4115837539,-3.6071425709, 8.6167370914
81.0000000000, 3.6586428420,-2.6777472561,-0.8777332762,-0.4156692281,-3.3839689964, 8.5038191493
82.0000000000, 3.5253927926,-2.7830001642,-0.8418704344,-0.4151127879,-3.6909479918, 9.3971585239
83.0000000000, 3.6355338821,-2.6210059487,-0.8790387169,-0.4272320016,-3.5481936899, 8.6511491613
84.0000000000, 3.6438186145,-2.7269204095,-0.8456017122,-0.4085478777,-3.4431606309, 9.1533156554
85.0000000000, 3.6375206808,-2.6239716538,-0.7859578345,-0.4501593211,-3.2716593494, 8.9333314784
86.0000000000, 3.6531946825,-2.5263516426,-0.8472698688,-0.4263670059,-3.5156547077, 8.3529699032
87.0000000000, 3.6288048007,-2.8552269572,-0.7089364035,-0.4057981494,-3.7604847304, 8.4639581912
88.0000000000, 3.5926665592,-2.7716340847,-0.8370830226,-0.3942062869,-3.5971068663, 8.8354482070
89.0000000000, 3.6335842191,-2.5359692032,-0.7914680009,-0.4570730909,-3.4362849061, 9.3849066511
90.0000000000, 3.5840981231,-2.4675412631,-0.8419340182,-0.4403239200,-3.7557068551, 8.6239044521
91.0000000000, 3.6415701264,-2.5633739566,-0.8479308854,-0.4255214675,-3.5789451304, 8.6105630457
92.0000000000, 3.6431346763,-2.5484958444,-0.8171675131,-0.4453983154,-3.6271816558, 8.9199024882
93.0000000000, 3.6010273994,-2.6323104212,-0.8115572316,-0.3891069329,-3.5584283527, 8.2039619625
94.0000000000, 3.6155053296,-2.7350557476,-0.7866547387,-0.3965729496,-3.8793890022, 8.3912436548
95.0000000000, 3.5965275217,-2.8231810223,-0.8631001348,-0.3950774257,-3.4770908051, 9.0806818758
96.0000000000, 3.5779423153,-2.7283065635,-0.8242700940,-0.4033214841,-3.4619719077, 8.8150611420
97.0000000000, 3.5717793686,-2.8241142525,-0.7657489757,-0.4360755466,-3.5991942054, 9.3650239883
98.0000000000, 3.6125461310,-2.8154232740,-0.8255897322,-0.4209934087,-3.3641510754, 9.0081347846
99.0000000000, 3.6321867570,-2.8539689208,-0.8245922417,-0.4026581899,-3.5013578502, 9.2615594036
100.0000000000, 3.6578723514,-2.5787976653,-0.8276223323,-0.4284599484,-3.5292261910, 8.5848355350
301.0000000000, 3.6142398451,-2.6515949009,-0.8138188178,-0.4237659265,-3.5156066460, 8.5584079179
302.0000000000, 3.6186690795,-2.6222817163,-0.8361239486,-0.4388505671,-3.5180142082, 8.9211473851
303.0000000000, 3.5586020665,-2.8617134517,-0.8172558318,-0.4028949113,-3.5161639566, 9.3148435999
304.0000000000, 3.6229685870,-2.6835160411,-0.8241393029,-0.4286939954,-3.7029502678, 9.0647133112
305.0000000000, 3.6363440455,-2.5793290944,-0.8686106195,-0.4237347114,-3.4402809872, 8.7144664542
306.0000000000, 3.5906972714,-2.8439068955,-0.8411111232,-0.4108043999,-3.3225621217, 9.0910465496
307.0000000000, 3.6409787469,-2.6706405948,-0.7815909957,-0.4277384625,-3.4936433140, 8.8211103109
308.0000000000, 3.5644495719,-2.6233170654,-0.8351650670,-0.4240194243,-3.7915771931, 9.0416394790
309.0000000000, 3.5805447614,-2.7679699578,-0.8403242582,-0.4267479883,-3.3833305022, 9.3146168229
310.0000000000, 3.6510864327,-2.8432180710,-0.7805213845,-0.4092196984,-3.5339757091, 9.0539358409
311.0000000000, 3.5396738770,-2.7745812303,-0.8493467598,-0.4113877550,-3.4507791218, 9.2014623054
312.0000000000, 3.6927482240,-2.6528482514,-0.8002659202,-0.4358966475,-3.5520957186, 8.4764114104
313.0000000000, 3.6733162902,-2.6566559354,-0.8065195497,-0.4132288156,-3.7908573890, 8.6827979943
314.0000000000, 3.6258440843,-2.7421325831,-0.8068200560,-0.4147067785,-3.4534299020, 8.5462958429
315.0000000000, 3.6060527572,-2.6850912605,-0.8633185063,-0.4076806723,-3.3355864890, 8.9560710937
316.0000000000, 3.6018980126,-2.7288024766,-0.8722448107,-0.4212268483,-3.5533408180, 9.4653367151
317.0000000000, 3.5263324779,-2.7477572014,-0.8402442929,-0.4081158333,-3.7743308194, 9.2137447354
318.0000000000, 3.5410337985,-2.6449019816,-0.8194592759,-0.4223545103,-3.5744027586, 8.9937817070
319.0000000000, 3.6073335228,-2.8268294040,-0.7929625343,-0.4183969120,-3.3721276956, 9.0065910300
320.0000000000, 3.5518832948,-2.9190509121,-0.8250751370,-0.3783610761,-3.7473351148, 9.1021309856
321.0000000000, 3.6004447366,-2.7277909421,-0.8565241453,-0.4151638097,-3.5047584834, 8.9231854329
322.0000000000, 3.6301272409,-2.6027415946,-0.8584531155,-0.4264754980,-3.4983568164, 8.8853271570
323.0000000000, 3.6083764404,-2.6895472755,-0.7574495484,-0.4398832240,-3.7765261599, 9.1118951690
324.0000000000, 3.6394458259,-2.5680855708,-0.8312060431,-0.4410838565,-3.4696279451, 8.7505830352
325.0000000000, 3.6175002956,-2.7181598471,-0.7942537663,-0.4325541988,-3.5751621212, 9.6585241128
326.0000000000, 3.5384937348,-2.8003833191,-0.8091998824,-0.3943121604,-3.8531612610, 8.8669742878
327.0000000000, 3.5976836304,-2.6755202443,-0.7255065921,-0.4238884963,-3.4510757939, 8.9330150973
328.0000000000, 3.6123450258,-2.7910641804,-0.7956257754,-0.3927231380,-3.4900691423, 8.6849248265
329.0000000000, 3.5539036636,-2.8193660108,-0.8569785428,-0.3847090864,-3.7334759291, 8.7321868469
330.0000000000, 3.6315636149,-2.6344790662,-0.8760552000,-0.4186396302,-3.3631293382, 8.6294875328
331.0000000000, 3.6106487950,-2.6772247295,-0.8679325221,-0.4034128494,-3.5639188637, 8.7638654602
332.0000000000, 3.6093502369,-2.5698515992,-0.7553762115,-0.4440014514,-3.3864365241, 9.0049663470
333.0000000000, 3.5754644508,-2.6513032828,-0.8201120130,-0.4073461639,-3.8603904355, 8.9498734699
334.0000000000, 3.5854292100,-2.9080790250,-0.8397204487,-0.4093714737,-3.5988289994, 9.3020564973
335.0000000000, 3.5966292191,-2.6584107806,-0.7993259447,-0.4321818437,-3.6969979201, 8.7580468109
336.0000000000, 3.6117372946,-2.5915659580,-0.8309086040,-0.4418970107,-3.2101240812, 9.0270707135
337.0000000000, 3.6857846226,-2.6858627018,-0.8514952717,-0.4071674001,-3.9529270488, 8.3799591320
338.0000000000, 3.6510827662,-2.6250674377,-0.8990013826,-0.4196884526,-3.4357975501, 8.7958955139
339.0000000000, 3.5712761266,-2.7984170837,-0.8248484242,-0.4154379574,-3.5146236550, 8.9118314585
340.0000000000, 3.6071751630,-2.5523661327,-0.8958409283,-0.4337669494,-3.4662891597, 8.8309762161
341.0000000000, 3.6154524758,-2.7136107034,-0.8183378465,-0.4411931223,-3.4128383211, 9.0606483279
342.0000000000, 3.6416033472,-2.6537324195,-0.7862456374,-0.4361183491,-3.3359915341, 8.6493430225
343.0000000000, 3.6011057608,-2.6626850156,-0.8100269237,-0.4204534103,-3.4547484964, 9.2106116800
344.0000000000, 3.6455522149,-2.8671785293,-0.7732497642,-0.4099499091,-3.5749306651, 8.7863570465
345.0000000000, 3.6327310120,-2.5865113076,-0.7930122840,-0.4492434859,-3.6222347386, 9.1126070930
346.0000000000, 3.6464231650,-2.6221049248,-0.8191201860,-0.4274436780,-3.5568438544, 9.1855525662
347.0000000000, 3.6390759002,-2.8036970188,-0.8174904037,-0.3952023014,-3.9211996968, 8.5015584127
348.0000000000, 3.6752668237,-2.5746800795,-0.8765905478,-0.4196756582,-3.1880308507, 8.5158125574
349.0000000000, 3.6312356986,-2.6620220055,-0.7781553671,-0.4440670665,-3.2630940075, 8.9452991493
350.0000000000, 3.6814480121,-2.5950029179,-0.8322735258,-0.4379663349,-3.4787781686, 8.4074934413
 1.0000000000, 3.5764675507,-2.7728435662,-0.7863122582,-0.4047041637,-3.6778169950, 8.8143603287
 2.0000000000, 3.6122645383,-2.5676260367,-0.8210159563,-0.4658629083,-3.6545879569, 9.3979033977
 3.0000000000, 3.6300601662,-2.7457014702,-0.8070547249,-0.4358956310,-3.2828304452, 9.1815808725
 4.0000000000, 3.6409303050,-2.5851294227,-0.7983890777,-0.4268550012,-3.4840541541, 8.9233680670
 5.0000000000, 3.5874215336,-2.6764476903,-0.8317744690,-0.4282717856,-3.6137692386, 9.2195550273
 6.0000000000, 3.6810044355,-2.7068778094,-0.8012966372,-0.4173739536,-3.4787852716, 8.6275969335
 7.0000000000, 3.6193093733,-2.6849057084,-0.7890823702,-0.4343435926,-3.5378884348, 8.8017867636
 8.0000000000, 3.6369881060,-2.6837552576,-0.8181607178,-0.3965430688,-3.5806847794, 8.5565001752
 9.0000000000, 3.5832148734,-2.7113279134,-0.8100366508,-0.4121208086,-3.6346630618, 8.9296542370
10.0000000000, 3.6750959587,-2.5950686016,-0.8442135281,-0.4049913014,-3.6664230257, 8.4011223325
11.0000000000, 3.6338863214,-2.6422323990,-0.8445122151,-0.4316447001,-3.7205562004, 8.6147457157
12.0000000000, 3.7074467844,-2.5931028046,-0.7888596201,-0.4274795922,-3.4880190291, 8.3605669419
13.0000000000, 3.6109507444,-2.9087078717,-0.7997621116,-0.4002731950,-3.6359775189, 9.0196150084
14.0000000000, 3.5545750852,-2.9197911924,-0.8075522874,-0.4096380229,-3.4579441521, 9.4285616029
15.0000000000, 3.5911318899,-2.7625272730,-0.8035123330,-0.4075325857,-3.6821318564, 9.1852624561
16.0000000000, 3.6323264399,-2.5759966766,-0.7882344223,-0.4418263630,-3.5725332369, 8.9562631833
17.0000000000, 3.6157716016,-2.6807325955,-0.7538357700,-0.4520479690,-3.2115852929, 9.0872923070
18.0000000000, 3.5732590386,-2.6767670098,-0.8242894949,-0.4098906138,-3.5736662473, 8.9448601160
19.0000000000, 3.5612334373,-2.8115985975,-0.8299869545,-0.3554379945,-3.7161084405, 8.3843803425
20.0000000000, 3.6512689540,-2.6238136587,-0.7925996425,-0.4005921434,-3.6871454324, 8.5614992071
21.0000000000, 3.6194219937,-2.6976501831,-0.7506383964,-0.4273882978,-3.5586630325, 8.6838748784
22.0000000000, 3.6511931026,-2.6839958775,-0.8164026967,-0.4354912722,-3.4545282192, 8.8298093661
23.0000000000, 3.6138264917,-2.5207520296,-0.7859159650,-0.4471956903,-3.3682581550, 8.9433817106
24.0000000000, 3.5742829796,-2.7188244858,-0.8007372307,-0.4268809915,-3.6109822572, 8.4044789008
25.0000000000, 3.6343249358,-2.5389677228,-0.8277334295,-0.4329176574,-3.8224479776, 8.4763252981
26.0000000000, 3.6117802480,-2.7548990794,-0.8422544354,-0.4193743073,-3.3525577642, 8.9826245862
27.0000000000, 3.6176309935,-2.4714559390,-0.7954402675,-0.4436972448,-3.5026698127, 8.4187900134
28.0000000000, 3.6492797061,-2.6596291263,-0.8789873580,-0.4354511925,-3.4423700390, 8.9477333469
29.0000000000, 3.6577105105,-2.7136132216,-0.8124013997,-0.4110174042,-3.5880995265, 8.3831056721
30.0000000000, 3.6570475299,-2.7160289529,-0.7482330304,-0.4352844572,-3.4604128748, 8.9156821705
31.0000000000, 3.5941535665,-2.6853675711,-0.7492886355,-0.4192920816,-3.5772833031, 8.8143007077
32.0000000000, 3.6787831887,-2.7296173843,-0.7522245040,-0.4173761465,-3.5708523956, 8.4202769163
33.0000000000, 3.6176719948,-2.6753682188,-0.8201832247,-0.4475297808,-3.3936133099, 9.0236646965
34.0000000000, 3.6427635661,-2.8812963083,-0.8719555769,-0.4147936057,-3.4032151244, 9.6575817751
35.0000000000, 3.6297223060,-2.6822644455,-0.8203633389,-0.4315109623,-3.4684538621, 9.1342215530
36.0000000000, 3.6008074466,-2.6590933250,-0.7843627770,-0.4234778600,-3.5311604919, 8.7538137554
37.0000000000, 3.5960077452,-2.7719546222,-0.8028631271,-0.4156549408,-3.6092486243, 8.7557372792
38.0000000000, 3.6237609685,-2.6752451038,-0.8248724671,-0.4228965631,-3.5167082021, 9.0732801759
39.0000000000, 3.6416953603,-2.6516752447,-0.7920656016,-0.4131853889,-3.4976791928, 8.6622866091
40.0000000000, 3.6338514635,-2.7565474577,-0.8786368072,-0.4044274940,-3.5896851551, 8.8241630482
41.0000000000, 3.5812593770,-2.7583185771,-0.8071767447,-0.4162090398,-3.6294762594, 8.9926804030
42.0000000000, 3.5806765090,-2.7622128816,-0.8031890486,-0.4260369735,-3.4144630123, 8.9785135737
43.0000000000, 3.5560917503,-2.7916585288,-0.8352326342,-0.4111919612,-3.5818405346, 9.2440716516
44.0000000000, 3.5595537338,-2.7885260579,-0.8501679907,-0.4207688821,-3.6038466080, 9.2275136675
45.0000000000, 3.5964393831,-2.6879266389,-0.8421905812,-0.3999122435,-3.6480779333, 8.6542408108
46.0000000000, 3.6337965120,-2.7852094134,-0.8522843205,-0.4128700560,-3.5361086261, 8.7345048251
47.0000000000, 3.6009448466,-2.8305511966,-0.8103619555,-0.4354574754,-3.3717639909, 9.5455526385
48.0000000000, 3.6107128562,-2.5860404849,-0.8247930435,-0.4334635441,-3.5538187890, 8.8126464263
49.0000000000, 3.6657097448,-2.7936920635,-0.7562974804,-0.4087093604,-3.5924622126, 8.5885800094
50.0000000000, 3.6031975487,-2.6918702757,-0.7797848442,-0.4367035991,-3.4829419853, 8.8856841339
251.0000000000, 3.6090189165,-2.8096146303,-0.8246012841,-0.4126191872,-3.2584922879, 9.1055368672
252.0000000000, 3.6119921779,-2.7334056436,-0.7488299220,-0.4157179263,-3.4670191386, 8.4607938185
253.0000000000, 3.6004111984,-2.6626115423,-0.8437327285,-0.4221829422,-3.7443636830, 9.0118677337
254.0000000000, 3.6141476873,-2.8969714394,-0.8457448978,-0.3851618951,-3.6590120306, 8.7560241533
255.0000000000, 3.6202048341,-2.8229585259,-0.8073461446,-0.4156421987,-3.3516139070, 9.1323261936
256.0000000000, 3.5902595820,-2.6105492635,-0.7428501369,-0.4412527571,-3.4186986391, 8.7633061441
257.0000000000, 3.5923681276,-2.8351530289,-0.7752707999,-0.4286774997,-3.5966490179, 9.1202850188
258.0000000000, 3.6205577999,-2.6312539699,-0.8670314348,-0.4113737694,-3.3922786764, 8.7548102141
259.0000000000, 3.6330970608,-2.6874470873,-0.8217737856,-0.4473000479,-3.3859686177, 8.9729412273
260.0000000000, 3.6020409719,-2.6382535518,-0.8647949135,-0.4119896884,-3.8737156894, 9.0474943697
261.0000000000, 3.5936542566,-2.7424393729,-0.8179003022,-0.4106444590,-3.7198954315, 8.9815640759
262.0000000000, 3.6082589356,-2.8776665474,-0.7943638468,-0.3896603430,-3.4707790547, 8.7036088169
263.0000000000, 3.6653965981,-2.6525899436,-0.8380442026,-0.3925667263,-3.6340987607, 8.3481311219
264.0000000000, 3.5694576259,-2.6377070196,-0.8718025303,-0.4210311750,-3.8680544478, 8.9721223631
265.0000000000, 3.6116572174,-2.7258374405,-0.7983762235,-0.4278652323,-3.5655663271, 9.1208920447
266.0000000000, 3.6442308676,-2.7083350968,-0.8093310952,-0.4176655443,-3.4976097095, 8.6384467635
267.0000000000, 3.5679749864,-2.7483409435,-0.8339049899,-0.4221982378,-3.3219975851, 9.0949470062
268.0000000000, 3.5963535151,-2.7498981514,-0.8619043629,-0.4085380382,-3.3679645956, 9.0240132587
269.0000000000, 3.5934939141,-2.7137643106,-0.8496528668,-0.3984717832,-3.4585819132, 8.6522113507
270.0000000000, 3.6140929698,-2.5978729102,-0.8395756186,-0.3977259349,-3.7493896811, 8.5375417859
271.0000000000, 3.5802267226,-2.7263957194,-0.8069773885,-0.4245614089,-3.3718619745, 9.0119031023
272.0000000000, 3.5837975686,-2.7596976812,-0.8034303903,-0.4288291364,-3.6443212180, 9.0531705648
273.0000000000, 3.5759744511,-2.5733553936,-0.8106901635,-0.4413438547,-3.6484347906, 9.0526963886
274.0000000000, 3.5875166679,-2.7131868776,-0.8172996776,-0.4142609732,-3.5483908951, 8.7979023169
275.0000000000, 3.6088448548,-2.8321608182,-0.8051118395,-0.3983359450,-3.4930378103, 8.7807885177
276.0000000000, 3.6113498017,-2.7836688197,-0.8449217852,-0.4113051275,-3.6652429181, 9.2323324560
277.0000000000, 3.5917729677,-2.8644668910,-0.7178591078,-0.4267379286,-3.4457467292, 9.1270798863
278.0000000000, 3.5703555542,-2.6561491140,-0.8453328912,-0.4059353230,-3.5594628790, 8.7273532099
279.0000000000, 3.6223130937,-2.7015760699,-0.7975427443,-0.4025437563,-3.5954583473, 8.4028822650
280.0000000000, 3.6280345610,-2.7364070148,-0.8017907722,-0.4064730708,-3.5528670863, 8.5041302801
281.0000000000, 3.5922657679,-2.6683859088,-0.7914996254,-0.4270488384,-3.6169750827, 8.9734808046
282.0000000000, 3.6734824788,-2.6194392828,-0.7638472673,-0.4246718952,-3.4520794066, 8.6659704076
283.0000000000, 3.6431021107,-2.6384911137,-0.7863517234,-0.4308731811,-3.6161132785, 8.7723444727
284.0000000000, 3.6039115035,-2.6875303150,-0.7735671911,-0.4225913137,-3.7437873139, 8.8108039498
285.0000000000, 3.6375801136,-2.6954188840,-0.8019637594,-0.4304620335,-3.6370131863, 8.4272419617
286.0000000000, 3.5599483067,-2.7441309131,-0.8243840680,-0.3929527513,-3.6506169627, 8.9606093451
287.0000000000, 3.6356075003,-2.7914867416,-0.7944700011,-0.4047225475,-3.5551390860, 8.5931901904
288.0000000000, 3.6492367279,-2.8346244814,-0.7415680126,-0.4242997048,-3.4585160771, 8.6415113278
289.0000000000, 3.5099255328,-2.7754739880,-0.8095844076,-0.4326695383,-3.6075025310, 9.5397436827
290.0000000000, 3.6437181258,-2.6439676418,-0.8064806071,-0.4315403417,-3.7439425188, 8.7158247877
291.0000000000, 3.6011643554,-2.7665316784,-0.8028341287,-0.4264459757,-3.4258695067, 8.9073615401
292.0000000000, 3.6005546094,-2.7397530703,-0.8284097191,-0.4045589058,-3.7713612521, 9.1009671958
293.0000000000, 3.5334893879,-2.9472655229,-0.8075806919,-0.4172257822,-3.7369147750, 9.7255543016
294.0000000000, 3.5828590582,-2.5875724253,-0.8807499007,-0.3961092761,-3.6179207470, 8.8151674132
295.0000000000, 3.6755015309,-2.6015283161,-0.7934450513,-0.4234012007,-3.5700149697, 8.4632768600
296.0000000000, 3.6514721397,-2.6144713444,-0.8695647067,-0.3964045199,-3.5969687174, 8.5657472982
297.0000000000, 3.6018815335,-2.5129969476,-0.8152053351,-0.4362021593,-3.8664436149, 9.1169372430
298.0000000000, 3.5899582475,-2.7150364471,-0.8596901837,-0.4242869326,-3.2120848997, 8.9791113173
299.0000000000, 3.6214738073,-2.7457727589,-0.7662276930,-0.4240593151,-3.3984771732, 8.7479543791
300.0000000000, 3.6059913943,-2.7748054371,-0.8251588141,-0.4024729934,-3.7259893826, 8.9251119037
601.0000000000, 3.5628853727,-2.7838633192,-0.8467334513,-0.4191079399,-3.3651773737, 9.3421937526
602.0000000000, 3.6093138967,-2.6548726141,-0.8557636634,-0.4266563645,-3.3837931319, 8.9786450697
603.0000000000, 3.5950504517,-2.8725245130,-0.7679932041,-0.4077812216,-3.6850526365, 9.3055777116
604.0000000000, 3.6512941242,-2.8364734669,-0.7768896732,-0.4229417163,-3.2578293284, 8.4099327623
605.0000000000, 3.6174326731,-2.6043141425,-0.7594922456,-0.4363604223,-3.3968188322, 8.8100852015
606.0000000000, 3.6260566082,-2.6670142835,-0.8258832663,-0.4239588690,-3.6762265818, 8.8576036111
607.0000000000, 3.6283865954,-2.6776508410,-0.7949750168,-0.4251494844,-3.5341491825, 8.9446049118
608.0000000000, 3.6081126116,-2.5281334920,-0.9470629051,-0.4138860275,-3.5958015781, 8.8474918714
609.0000000000, 3.6492359884,-2.7772224463,-0.8264800798,-0.4271777468,-3.4493891963, 9.0509391080
610.0000000000, 3.5784743510,-2.7753812262,-0.8087698364,-0.4111282110,-3.5914515118, 9.0668856300
611.0000000000, 3.6490493828,-2.6620955880,-0.8367648885,-0.4147339424,-3.6636757689, 8.8143273611
612.0000000000, 3.6390802912,-2.5983916585,-0.8417509081,-0.4131816928,-3.6738936373, 8.7333651538
613.0000000000, 3.6666521205,-2.6661457803,-0.8169068830,-0.4268976291,-3.7883933153, 8.9604231607
614.0000000000, 3.6696428405,-2.7906190523,-0.7577125706,-0.3977080326,-3.3747414584, 8.1773696834
615.0000000000, 3.5943735007,-2.6567029748,-0.7765496710,-0.4147018499,-3.7626395468, 8.7366077627
616.0000000000, 3.5633759596,-2.8342213200,-0.8534717940,-0.3792820684,-3.7615160910, 9.1679421389
617.0000000000, 3.6023981622,-2.6695849695,-0.8252214688,-0.4380161138,-3.4498186959, 9.0117115864
618.0000000000, 3.6454321246,-2.6441249890,-0.7763190535,-0.4426766534,-3.3073046952, 8.7671648533
619.0000000000, 3.6929526701,-2.7706850599,-0.8895327402,-0.4112321715,-3.3087736124, 8.6403768639
620.0000000000, 3.6053311627,-2.9804144421,-0.7961424689,-0.3897291576,-3.4943380452, 9.4386232361
621.0000000000, 3.6200131835,-2.7477693149,-0.7459495853,-0.4313005117,-3.5681871560, 9.1284404530
622.0000000000, 3.6469741779,-2.7418242928,-0.8498042051,-0.4358673525,-3.6073007513, 8.8935661464
623.0000000000, 3.6063942953,-2.6654632262,-0.7441308519,-0.4288356108,-3.7014432808, 8.8805962232
624.0000000000, 3.6146940204,-2.6586363537,-0.7900592850,-0.4018965593,-3.7340023270, 8.7998921640
625.0000000000, 3.5500301573,-2.8537469299,-0.7707054518,-0.4087055745,-3.4774979041, 9.4206936205
626.0000000000, 3.5983083660,-2.8255102291,-0.8007069804,-0.4170790863,-3.6442072464, 9.3642756192
627.0000000000, 3.5680142925,-2.9827639805,-0.7825492026,-0.3956600986,-3.5433770814, 9.3558088155
628.0000000000, 3.6371178972,-2.6385254478,-0.8346019265,-0.4192743800,-3.4514991494, 8.6405182699
629.0000000000, 3.6049648962,-2.7207875825,-0.8363496197,-0.4120045947,-3.5174584567, 8.9630303221
630.0000000000, 3.6191489679,-2.8043292895,-0.8155162284,-0.4196145641,-3.3646817640, 8.9513136376
631.0000000000, 3.6656731901,-2.6762258667,-0.7678511124,-0.4409304369,-3.1947530370, 8.5281507337
632.0000000000, 3.5795130151,-2.8420506097,-0.7960233453,-0.4026056951,-3.5049725944, 9.1048748862
633.0000000000, 3.5643490617,-2.6940208610,-0.8345292981,-0.4201815851,-3.6121011531, 9.1477822046
634.0000000000, 3.6400944208,-2.8002643004,-0.7968255652,-0.4211190113,-3.3970994520, 8.9911863140
635.0000000000, 3.6109826020,-2.6109286609,-0.8350538444,-0.4183317281,-3.4642670216, 8.7983739327
636.0000000000, 3.6611947814,-2.6375599670,-0.8064391457,-0.4232128346,-3.5545412561, 8.6950088010
637.0000000000, 3.5317085138,-2.7960382219,-0.8264613518,-0.4111958398,-3.8654911089, 9.2720559368
638.0000000000, 3.6437928396,-2.6655908140,-0.8313461654,-0.4469657292,-3.5654044058, 8.8190894669
639.0000000000, 3.5652209999,-2.7115915326,-0.7788210913,-0.4180833843,-3.6910524605, 9.0324490230
640.0000000000, 3.6217929627,-2.6505184780,-0.8014463435,-0.4210480365,-3.6385521099, 8.6027516831
641.0000000000, 3.6094853529,-2.5754188701,-0.7896830298,-0.4271084313,-3.3885125868, 8.6732610022
642.0000000000, 3.6629291584,-2.6305826876,-0.7920665889,-0.4265193892,-3.5640536028, 8.6005857522
643.0000000000, 3.6774766273,-2.6423442564,-0.8204485735,-0.4306679210,-3.6558542612, 8.5439773283
644.0000000000, 3.5991300312,-2.7283494748,-0.9162968990,-0.4317287741,-3.4646280819, 9.7227304600
645.0000000000, 3.6210617103,-2.6345452068,-0.8588721148,-0.4041274266,-3.5983126749, 8.6232311852
646.0000000000, 3.5795955129,-2.6945741975,-0.7815093979,-0.4227241722,-3.8569047337, 8.8818338806
647.0000000000, 3.6239580618,-2.7039528998,-0.8227285446,-0.4059874518,-3.6172396077, 8.5590475267
648.0000000000, 3.5678262349,-2.7704949297,-0.8097234205,-0.4060163825,-3.5732022978, 8.7001525711
649.0000000000, 3.6303412872,-2.5560839754,-0.8098263032,-0.4541182817,-3.3831079075, 8.8244222519
650.0000000000, 3.6415731494,-2.6198143217,-0.7858982993,-0.4585173851,-3.3740995215, 8.8474976927
751.0000000000, 3.5654320738,-2.7900101656,-0.8648549413,-0.4107805013,-3.5273723935, 9.0874279309
752.0000000000, 3.6841165084,-2.5532741506,-0.7953647285,-0.4494402569,-3.4956783066, 8.4559900835
753.0000000000, 3.6314876155,-2.5937127052,-0.8183041831,-0.4359101759,-3.6242605474, 8.7836059469
754.0000000000, 3.6373059641,-2.7660179067,-0.8137557418,-0.4167745367,-3.5533251107, 8.8612958630
755.0000000000, 3.6476066729,-2.6188764357,-0.7522612805,-0.4358123291,-3.7495792246, 8.4770910964
756.0000000000, 3.5802280565,-2.7364556766,-0.8704387383,-0.4076334352,-3.2618104084, 9.0086856495
757.0000000000, 3.6156101296,-2.6369287987,-0.8423827467,-0.4259541300,-3.2838659937, 8.9866175109
758.0000000000, 3.5980339330,-2.7586365633,-0.8913788557,-0.3984248400,-3.6366750282, 9.1700940506
759.0000000000, 3.5973225527,-2.5893672100,-0.8514005599,-0.4216754008,-3.5700951984, 8.6722007009
760.0000000000, 3.5833711130,-2.7739704044,-0.7914714514,-0.4194852771,-3.5798453542, 9.0867877629
761.0000000000, 3.6242756575,-2.7765024060,-0.8703179432,-0.4245213337,-3.4993837197, 9.1931790510
762.0000000000, 3.6309374658,-2.7001872728,-0.7875331440,-0.4280709305,-3.4490316420, 8.9130574790
763.0000000000, 3.5983883229,-2.8799041778,-0.8124045691,-0.3987228218,-3.4900614569, 9.2892014265
764.0000000000, 3.5993778417,-2.5844732559,-0.8070497926,-0.4205078331,-4.0141196950, 8.8122784577
765.0000000000, 3.6408197323,-2.7764070823,-0.8792301204,-0.3942429865,-3.5985467045, 8.8626079164
766.0000000000, 3.6002435080,-2.6603114968,-0.8236789385,-0.4077637144,-3.4219279269, 8.6956274576
767.0000000000, 3.5781987203,-2.9133170300,-0.7709420296,-0.3921861083,-3.4487371814, 9.0330766557
768.0000000000, 3.6170428761,-2.6665921834,-0.8146399762,-0.4204598195,-3.6407767445, 9.0441839369
769.0000000000, 3.5648629460,-2.6533838062,-0.8309916598,-0.4249479438,-3.4979211290, 9.1159188763
770.0000000000, 3.6031222004,-2.7183448911,-0.8304915652,-0.4163595181,-3.6154604950, 9.0701590756
771.0000000000, 3.6646520254,-2.5368375706,-0.8684847790,-0.4209074814,-3.6969443141, 8.9137118714
772.0000000000, 3.6298587702,-2.6169119173,-0.8147869813,-0.4123404499,-3.4584213498, 8.6984409738
773.0000000000, 3.6009307922,-2.7635058195,-0.8047739781,-0.4183893023,-3.4141550220, 9.1225089362
774.0000000000, 3.6278602025,-2.5584957595,-0.8853727574,-0.4342378367,-3.6992575577, 8.6594989726
775.0000000000, 3.6343660741,-2.6209917198,-0.8405321107,-0.4228075146,-3.3874697575, 8.7788354253
776.0000000000, 3.6036462206,-2.7467767800,-0.8420837556,-0.3931785557,-3.8312367972, 8.7218397951
777.0000000000, 3.6324976808,-2.6838994065,-0.8377441233,-0.4052826607,-3.4526189278, 8.4744075670
778.0000000000, 3.6094632347,-2.5805232306,-0.8096531850,-0.4207323226,-3.6199434727, 8.6753484982
779.0000000000, 3.6136979878,-2.9925122542,-0.7949825858,-0.4254365782,-3.3298121983, 9.5228600195
780.0000000000, 3.5853549387,-2.9922611385,-0.8348165257,-0.3991937601,-3.7242508428, 9.1766081271
781.0000000000, 3.6825828215,-2.6584144067,-0.7868935908,-0.4504319752,-3.6047315277, 8.9589815857
782.0000000000, 3.6294864595,-2.7249530407,-0.7925591408,-0.4486772088,-3.6084657745, 9.2542702672
783.0000000000, 3.6379468799,-3.0117136857,-0.7885388940,-0.3914469711,-3.6580417994, 9.0861724135
784.0000000000, 3.6055298341,-2.7814856654,-0.7488426378,-0.4297863919,-3.4777650085, 9.2205419209
785.0000000000, 3.6282115154,-2.7742328926,-0.8749777079,-0.4118466509,-3.2266746563, 9.0285427552
786.0000000000, 3.6792844451,-2.6283816639,-0.8717748666,-0.4124409285,-3.5467137194, 8.5040920562
787.0000000000, 3.6089637972,-2.7670288661,-0.8235429029,-0.3996725954,-3.5057113988, 8.5493478117
788.0000000000, 3.6371113537,-2.5382996225,-0.9154914920,-0.4246317572,-3.6659951184, 8.5319013795
789.0000000000, 3.6775506922,-2.8206599587,-0.8304377907,-0.4262790408,-3.3971624915, 9.0814455045
790.0000000000, 3.6118334694,-2.6240075839,-0.8513294031,-0.4434180105,-3.6133729985, 8.9742614772
791.0000000000, 3.6192986891,-2.6863227268,-0.7953766888,-0.4075546511,-3.8044295153, 8.8657262527
792.0000000000, 3.5828081138,-2.6875650684,-0.8343497144,-0.4112107031,-3.6124134776, 8.9737251376
793.0000000000, 3.6316731886,-2.6200356683,-0.8742897619,-0.4297985334,-3.6194409383, 8.8726097959
794.0000000000, 3.6058943966,-2.7999217669,-0.7779605169,-0.4152093192,-3.4997807314, 8.9149459284
795.0000000000, 3.6988483301,-2.7319083907,-0.8961857210,-0.4252096350,-3.2775863116, 8.6342921122
796.0000000000, 3.6728827427,-2.5317258995,-0.7777712402,-0.4432211274,-3.3900567210, 8.6096886717
797.0000000000, 3.6095191878,-2.7759742053,-0.8494310874,-0.3975905540,-3.6907430882, 8.4846000522
798.0000000000, 3.6247122730,-2.5453735800,-0.8532511641,-0.4171200952,-3.8739431458, 8.8187217648
799.0000000000, 3.5586710847,-2.6735621312,-0.9328704798,-0.4323448527,-3.3906738891, 9.2191512515
800.0000000000, 3.6022728754,-2.7333292498,-0.8165931738,-0.4166007374,-3.4929055950, 9.0206666356
651.0000000000, 3.5932902972,-2.7275106351,-0.8024838561,-0.4243476124,-3.3856909572, 9.3026114663
652.0000000000, 3.6658122458,-2.6708845551,-0.8222899139,-0.4347216988,-3.5600645882, 8.9324682599
653.0000000000, 3.6020251817,-2.5777348309,-0.8030163796,-0.4381165425,-3.5653162031, 9.0841937395
654.0000000000, 3.6417383077,-2.5320258871,-0.7770153260,-0.4482654182,-3.5722053980, 8.5987980313
655.0000000000, 3.6440385943,-2.7200959344,-0.8263569107,-0.4092040776,-3.6996314826, 8.4049207632
656.0000000000, 3.6306452313,-2.5788862655,-0.8788340443,-0.4254495488,-3.4805259400, 8.8626993736
657.0000000000, 3.6141830785,-2.6235221944,-0.8264404663,-0.4277082986,-3.9440066265, 8.8829915890
658.0000000000, 3.6134273094,-2.7855231850,-0.8548615681,-0.4083001734,-3.4071700094, 8.9425060050
659.0000000000, 3.5776450283,-2.8992193890,-0.8273069914,-0.3961654234,-3.5043745870, 8.7387965084
660.0000000000, 3.6354436259,-2.9923826291,-0.7793020961,-0.3730706350,-3.3042299203, 8.5303711822
661.0000000000, 3.6096343577,-2.8309822745,-0.8455384694,-0.4113998970,-3.3542785624, 9.0904202138
662.0000000000, 3.6836447938,-2.5947371240,-0.8794540917,-0.4387150297,-3.1893688763, 8.5540539263
663.0000000000, 3.5887788465,-2.5161275919,-0.8373384169,-0.4288917540,-3.6387557392, 8.8900569586
664.0000000000, 3.5976820950,-2.7628839602,-0.8168641408,-0.3981380072,-3.8504109787, 9.0522633752
665.0000000000, 3.6200299896,-2.7302830215,-0.8390365891,-0.3891057453,-3.7916701181, 8.0724005234
666.0000000000, 3.6352260554,-2.7098589014,-0.7983600136,-0.4280360405,-3.6994260710, 8.7966740471
667.0000000000, 3.5817013716,-2.8474476933,-0.8136891854,-0.4230983960,-3.3308168548, 9.5702325906
668.0000000000, 3.6148585918,-2.5489898173,-0.8366778531,-0.4427807613,-3.7977770364, 9.1515428695
669.0000000000, 3.6368874361,-2.7676951199,-0.8223345402,-0.4224499915,-3.3959332732, 8.8655587779
670.0000000000, 3.6786410485,-2.5808500713,-0.8287452512,-0.4257494728,-3.9240254338, 8.4848278095
671.0000000000, 3.6083607854,-2.8100792751,-0.8414771154,-0.4054794766,-3.6790744548, 9.0601393805
672.0000000000, 3.6177206607,-2.7663156077,-0.8246283230,-0.3924273401,-3.6459147768, 8.7039573201
673.0000000000, 3.6029094411,-2.7668682955,-0.7696037931,-0.3901710996,-3.6433251479, 8.4526497497
674.0000000000, 3.6078300099,-2.8365398598,-0.8020944848,-0.3978841367,-3.4793691964, 9.0006222881
675.0000000000, 3.6433493697,-2.5963951146,-0.8282698022,-0.4134976900,-3.6607786413, 8.7338184097
676.0000000000, 3.5870514593,-2.6464139794,-0.8947365455,-0.4273253992,-3.4819124227, 9.3487235080
677.0000000000, 3.6123792267,-2.6656457304,-0.9209547333,-0.4301739490,-3.4701326511, 9.1090038946
678.0000000000, 3.6074989566,-2.7530220238,-0.8354274298,-0.3781903518,-3.9904525955, 8.6602092089
679.0000000000, 3.6357865211,-2.7799416162,-0.8229453513,-0.4232347534,-3.5138922122, 8.8815400051
680.0000000000, 3.5884092448,-2.8155232539,-0.7663666755,-0.3908163130,-3.5741561174, 8.6408780570
681.0000000000, 3.5987176565,-2.6192230597,-0.8072950720,-0.4185855109,-3.4810565923, 8.5872101069
682.0000000000, 3.5842407534,-2.6353560547,-0.8706903028,-0.4026646617,-3.7556130006, 8.8067288119
683.0000000000, 3.5778404562,-2.7520078384,-0.8827610518,-0.4279438252,-3.6244894344, 9.7460813062
684.0000000000, 3.6641807354,-2.5737736635,-0.8840806085,-0.4421288334,-3.5079108286, 8.9837224784
685.0000000000, 3.5813480051,-2.9952171618,-0.8354515381,-0.3897845761,-3.7440408897, 8.9980507651
686.0000000000, 3.6558076791,-2.6446891767,-0.8029507430,-0.4048781604,-3.4229505628, 8.1567670232
687.0000000000, 3.6573779740,-2.6486835453,-0.8476704148,-0.4315157408,-3.7730917420, 8.8452895526
688.0000000000, 3.7014618340,-2.5710840650,-0.7615629338,-0.4310258907,-3.6245684187, 8.4439188529
689.0000000000, 3.6255751481,-2.7250847571,-0.8719141420,-0.4009658519,-3.7918985605, 8.8865158303
690.0000000000, 3.5370942086,-2.5517314310,-0.8299113931,-0.4213364246,-3.6591742324, 8.6267451334
691.0000000000, 3.6171723908,-2.5471728170,-0.8490357936,-0.4233276433,-3.6126591100, 8.7964710168
692.0000000000, 3.5752858544,-2.8967744870,-0.7955431468,-0.3874310068,-3.6866704222, 8.3822748716
693.0000000000, 3.6980967752,-2.7427799581,-0.8369769952,-0.4439313439,-3.4024625223, 8.8520215446
694.0000000000, 3.6545891900,-2.6679158144,-0.7579208961,-0.4307807513,-3.5292946540, 8.6771096596
695.0000000000, 3.5696140638,-2.5492422283,-0.8626115185,-0.4419715085,-3.6017691036, 9.2404289857
696.0000000000, 3.5458190560,-2.9974040509,-0.7971949835,-0.4214653685,-3.1690534450, 9.6777108961
697.0000000000, 3.6367245141,-2.7864187982,-0.8576801153,-0.3871795428,-3.4236795329, 8.5856520779
698.0000000000, 3.6415608955,-2.8447818624,-0.8539648160,-0.3969842262,-3.4625579089, 8.8170520379
699.0000000000, 3.5863644278,-2.7117939360,-0.7615273183,-0.3974224179,-3.8585531012, 8.6542000305
700.0000000000, 3.6484095940,-2.6170979372,-0.8957644804,-0.4357796565,-3.4660318240, 8.9687705935
451.0000000000, 3.5811868910,-2.6462542082,-0.8906950741,-0.4210928415,-3.8457404530, 9.2168997457
452.0000000000, 3.5724818462,-2.8039475754,-0.8565157224,-0.4091462177,-3.2459357688, 9.0401046296
453.0000000000, 3.5461678023,-2.7774608757,-0.8134823603,-0.4076894371,-3.7172853273, 9.2409610499
454.0000000000, 3.5699133037,-2.5518888994,-0.8127268095,-0.4243842960,-3.8152369193, 8.8776818103
455.0000000000, 3.5773979197,-2.6113023000,-0.7973048181,-0.4100612354,-3.7631608106, 8.4371044689
456.0000000000, 3.6777062898,-2.6950461588,-0.7530989770,-0.4279495458,-3.6092580481, 8.9110347040
457.0000000000, 3.5996761034,-2.8712030281,-0.8033018212,-0.4103009708,-3.6772287850, 8.9077964344
458.0000000000, 3.5630521963,-2.6713277144,-0.8238105828,-0.4081482754,-3.5183874465, 8.7623722946
459.0000000000, 3.6387028105,-2.7863252061,-0.8580558486,-0.4130946901,-3.5260167376, 8.7008639108
460.0000000000, 3.6124807361,-2.7501728359,-0.8537251840,-0.3893347192,-3.6802600684, 8.6147902006
461.0000000000, 3.6154755606,-2.7351507566,-0.8389552191,-0.4176845518,-3.4656119220, 8.5320897687
462.0000000000, 3.6229059278,-2.6415182217,-0.8371538214,-0.4129899309,-3.3078712476, 8.6130248254
463.0000000000, 3.6502064297,-2.6739098654,-0.8756131521,-0.4183820244,-3.6452591794, 8.2812584939
464.0000000000, 3.5577762328,-2.9397144653,-0.8456336843,-0.4083818545,-3.4458267485, 9.4030945649
465.0000000000, 3.6114863287,-2.7377336381,-0.8255953787,-0.3937988991,-3.5558530589, 8.4410236839
466.0000000000, 3.6347834124,-2.7721709891,-0.8290878690,-0.4074599030,-3.7086841156, 8.4288833491
467.0000000000, 3.6322187760,-2.6031051319,-0.8436326590,-0.3996412925,-3.7606157808, 8.7291629971
468.0000000000, 3.5876319136,-2.7229956751,-0.8186528930,-0.3992928869,-3.5048854699, 8.6471214342
469.0000000000, 3.6125239263,-2.6913092865,-0.8803091221,-0.4206931786,-3.3534232925, 8.9132730777
470.0000000000, 3.5573766727,-2.6815474994,-0.8486868993,-0.4019436197,-3.6147874645, 9.0147483413
471.0000000000, 3.6221943260,-2.6218609736,-0.7707109298,-0.4300363612,-3.7176304226, 8.7143370286
472.0000000000, 3.5647153398,-2.7757363785,-0.8918871533,-0.3833714061,-3.6364918769, 8.9328663554
473.0000000000, 3.5845839910,-2.6469068896,-0.8828584664,-0.4053942421,-3.2965260673, 9.3643192933
474.0000000000, 3.6622478373,-2.7393642030,-0.7600575528,-0.3996605717,-3.5143862533, 8.5032583453
475.0000000000, 3.5451142669,-2.6692141222,-0.7863652668,-0.4144828883,-3.6758962227, 8.6218620766
476.0000000000, 3.6320870124,-2.7679788413,-0.8074587344,-0.4156130508,-3.6112850756, 8.8649080345
477.0000000000, 3.6014220181,-2.6786300396,-0.8399378752,-0.4349897312,-3.3383334602, 8.8126318699
478.0000000000, 3.6329200672,-2.7865443076,-0.8464534497,-0.4341038414,-3.3115422174, 8.8015639276
479.0000000000, 3.6195688806,-2.6633104828,-0.7765528190,-0.4215974781,-3.5419792375, 8.5305296352
480.0000000000, 3.6013548928,-2.9459576695,-0.8629597563,-0.3883649075,-3.3218589388, 9.0321259069
481.0000000000, 3.5675049795,-2.7939270166,-0.8715963350,-0.3684152556,-3.6748925245, 8.6919992783
482.0000000000, 3.5846828571,-2.7043617890,-0.8444370486,-0.4260401773,-3.5090321874, 8.9498018049
483.0000000000, 3.6512598905,-2.5740289220,-0.8061351467,-0.4401265463,-3.5019150845, 8.7991198254
484.0000000000, 3.5841957651,-2.7529503800,-0.7834494860,-0.3967697092,-3.3700124604, 8.8533190886
485.0000000000, 3.5870718808,-2.7381920131,-0.8390018810,-0.4114849866,-3.5114654444, 9.1498168481
486.0000000000, 3.6299843549,-2.7375006045,-0.7911344376,-0.4090963701,-3.6668472515, 8.7922741300
487.0000000000, 3.6208692067,-2.7470142626,-0.8200266725,-0.4289157333,-3.6544538708, 8.8888227912
488.0000000000, 3.6608468128,-2.7272770975,-0.8548733327,-0.4286220113,-3.6461941484, 8.6503886108
489.0000000000, 3.6249412329,-2.7184705934,-0.8605386957,-0.4162290825,-3.8366498038, 9.3242610478
490.0000000000, 3.6398093880,-2.6297356653,-0.8958117491,-0.4172801903,-3.5350428518, 8.7824189672
491.0000000000, 3.6070967381,-2.5183255655,-0.7937728223,-0.4296696034,-3.3123781927, 8.4130076600
492.0000000000, 3.6451326716,-2.7251219033,-0.7961795084,-0.4169547542,-3.3453675338, 8.5144969901
493.0000000000, 3.6033751409,-2.6628357721,-0.8097927253,-0.4018604218,-3.6171780330, 8.7380281018
494.0000000000, 3.5978510519,-2.6842954115,-0.8350099396,-0.4155278764,-3.6971584432, 8.7949459244
495.0000000000, 3.5887422036,-2.8273708071,-0.8014042552,-0.4149675525,-3.5252643326, 9.1043522399
496.0000000000, 3.6280030063,-2.7012225860,-0.8021086258,-0.4316498734,-3.4792551340, 8.8297332868
497.0000000000, 3.5921350209,-2.8299351890,-0.7607278637,-0.4301124453,-3.2541205082, 9.2604810780
498.0000000000, 3.6353894650,-2.6571872273,-0.8337075229,-0.3712011885,-3.5403530067, 8.2832287639
499.0000000000, 3.6304743752,-2.4466905961,-0.8700943163,-0.4270825532,-3.7403620925, 8.4198140133
500.0000000000, 3.5405874323,-2.7945177391,-0.7998113276,-0.3894674119,-3.6190779878, 9.0376876127
551.0000000000, 3.6555961417,-2.7436626079,-0.8161282524,-0.4470961334,-3.5628750676, 9.2371439718
552.0000000000, 3.5076374630,-2.5984492663,-0.8767111529,-0.4319504709,-3.5590075702, 9.3894466351
553.0000000000, 3.6257422596,-2.6481715063,-0.8332948706,-0.4142296023,-3.7420336358, 8.9267527582
554.0000000000, 3.6521957378,-2.7198558601,-0.8395491908,-0.4430538007,-3.4929578803, 9.3092681876
555.0000000000, 3.5540080567,-2.6337476765,-0.8470484743,-0.4064172952,-3.6883679286, 8.7338863721
556.0000000000, 3.6158884559,-2.6566890024,-0.8050956961,-0.4181202556,-3.5789871826, 8.8606810832
557.0000000000, 3.6016247631,-2.7558872738,-0.8075272460,-0.4193987807,-3.4108296621, 9.0953593269
558.0000000000, 3.5613693278,-2.6658371898,-0.8417233966,-0.4114892997,-3.8301905518, 8.4961242290
559.0000000000, 3.6196284195,-2.7382506945,-0.7686780935,-0.4194785618,-3.5368133437, 8.7908478005
560.0000000000, 3.6759168458,-2.6051131139,-0.8354465743,-0.4285482643,-3.4992017567, 8.4016846499
561.0000000000, 3.6347503715,-2.6638072712,-0.8605625985,-0.4298276046,-3.8001655027, 8.8401931977
562.0000000000, 3.5638783377,-2.7347794588,-0.8467177286,-0.3917371228,-3.5376235056, 8.8500740308
563.0000000000, 3.6506542201,-2.6654782603,-0.7853342085,-0.4331446961,-3.4098228565, 8.7998617346
564.0000000000, 3.6176252085,-2.6338094376,-0.8643610164,-0.4088740535,-3.7425648116, 8.5105872850
565.0000000000, 3.6129457703,-2.6452963228,-0.8159136645,-0.4284238260,-3.5440877092, 8.6789752456
566.0000000000, 3.6147895602,-2.7695902849,-0.8524266652,-0.4075791077,-3.5140350931, 9.2881899043
567.0000000000, 3.5630665731,-2.8019485281,-0.7800865008,-0.4042832131,-3.5022071664, 9.1934385177
568.0000000000, 3.6349230144,-2.6996719671,-0.7278910929,-0.4671199577,-3.2972916450, 9.4478133512
569.0000000000, 3.6363405712,-2.6955789270,-0.8134801102,-0.4113054887,-3.4876902447, 8.8715905618
570.0000000000, 3.6579658404,-2.5477768840,-0.8152634714,-0.4762456308,-3.3308746320, 8.7076413471
571.0000000000, 3.6092464795,-2.7012246440,-0.7773576880,-0.4115176143,-3.5068477775, 8.5218172867
572.0000000000, 3.6107949995,-2.7335503778,-0.7885780199,-0.4336257748,-3.6288573748, 9.0370485615
573.0000000000, 3.6038426417,-2.8439966324,-0.8642098395,-0.3896220302,-3.7293340858, 9.1348567239
574.0000000000, 3.6530151433,-2.6325336946,-0.8310112833,-0.4465247208,-3.7177658950, 9.1347530562
575.0000000000, 3.5809177350,-2.8019499488,-0.7735675641,-0.3929351769,-3.5730444981, 8.6965990245
576.0000000000, 3.4826942908,-3.0556830935,-0.7856636615,-0.3968184797,-3.6261304954, 9.6749693328
577.0000000000, 3.5800032568,-2.7429472098,-0.8836318282,-0.4075776808,-3.4793981611, 8.6770984422
578.0000000000, 3.5700414322,-2.6104580591,-0.8796036341,-0.4235831798,-3.7571445071, 9.5406215924
579.0000000000, 3.6401847286,-2.6615845830,-0.8339567883,-0.4504885767,-3.3582702804, 9.2033671651
580.0000000000, 3.6594431820,-2.8206504441,-0.8273373738,-0.3962002020,-3.5799532487, 8.5732814791
581.0000000000, 3.6491547221,-2.8038863411,-0.7972367034,-0.4253227128,-3.6864486292, 9.4352830510
582.0000000000, 3.6562961805,-2.7213721681,-0.8431521379,-0.4217617221,-3.6140517633, 9.0604899447
583.0000000000, 3.6296726835,-2.7597159523,-0.7838846852,-0.3942909683,-3.4620894969, 8.7955126568
584.0000000000, 3.6139828541,-2.7384963053,-0.8507157633,-0.3866300923,-3.5061661421, 8.4937245076
585.0000000000, 3.5374133555,-2.7178891767,-0.8138650025,-0.4044496953,-3.6831480431, 8.8552108804
586.0000000000, 3.6050421935,-2.6302463168,-0.7978183054,-0.4060421173,-3.5783669866, 8.4740840841
587.0000000000, 3.6264434123,-2.5281927720,-0.8890157759,-0.4231457621,-3.3999123292, 8.2932920604
588.0000000000, 3.6147216399,-2.4326395271,-0.8900208055,-0.4343443413,-3.5969547085, 9.1545688455
589.0000000000, 3.6274355649,-2.7916771390,-0.8780613321,-0.4066589783,-3.4002370305, 9.2047680234
590.0000000000, 3.6106207781,-2.8562265019,-0.8633019215,-0.4001551133,-3.5561929317, 8.9000015744
591.0000000000, 3.6364270272,-2.6393595618,-0.8238624146,-0.4257889530,-3.8979508354, 8.5913442825
592.0000000000, 3.6416301352,-2.6654357382,-0.8016670566,-0.4038282711,-3.4090947825, 8.3417392065
593.0000000000, 3.5765452567,-2.6148412466,-0.8813334840,-0.4149704670,-3.6631417516, 9.2693379836
594.0000000000, 3.6255497477,-2.7210837606,-0.8531090566,-0.4298267582,-3.3825511185, 9.1001831525
595.0000000000, 3.5798455130,-2.7651174675,-0.8158849234,-0.4079144743,-3.5454867198, 9.3181643281
596.0000000000, 3.6146131592,-2.6596238242,-0.8397851912,-0.4137649302,-3.7340251914, 9.0252793541
597.0000000000, 3.6101673511,-2.8044836032,-0.8334696149,-0.4116985750,-3.5848561310, 9.2581054581
598.0000000000, 3.6377286787,-2.6664592053,-0.8109305990,-0.4248352569,-3.5066086411, 8.4790236357
599.0000000000, 3.6261247861,-2.8112319512,-0.7919522244,-0.4054860884,-3.4242191455, 8.5388239466
600.0000000000, 3.6359206780,-2.6641004418,-0.8552676945,-0.3952686575,-3.5044555795, 8.3466384116
151.0000000000, 3.6088933516,-2.5296557603,-0.8384457241,-0.4514629828,-3.4653104893, 9.1113479814
152.0000000000, 3.6501814304,-2.7215826620,-0.7715585203,-0.3937516548,-3.5415781489, 8.2144609645
153.0000000000, 3.5845460082,-2.6999993194,-0.8423452229,-0.4344131009,-3.1853029690, 9.1631375156
154.0000000000, 3.5432600345,-2.7189353599,-0.8024381909,-0.4328577225,-3.4474202249, 9.3310311642
155.0000000000, 3.6804579601,-2.5888624938,-0.8313623763,-0.4352202116,-3.7141322219, 8.9062324983
156.0000000000, 3.6437553463,-2.6730070477,-0.7717096013,-0.4173543181,-3.4848383180, 8.4293314575
157.0000000000, 3.5677523521,-2.7681220882,-0.8407927475,-0.4381376496,-3.6489736233, 9.6771363623
158.0000000000, 3.6332115214,-2.6336140283,-0.8347080899,-0.4282810637,-3.7930413683, 9.0972680684
159.0000000000, 3.6123769103,-2.7578146439,-0.8406519373,-0.4183666549,-3.3031991722, 8.7980201072
160.0000000000, 3.5663345440,-2.8956935447,-0.7827064772,-0.3897759162,-3.6555983288, 9.2936560763
161.0000000000, 3.5772850446,-2.7652333180,-0.8177647764,-0.4104333135,-3.4657213707, 8.8098747046
162.0000000000, 3.5566985589,-2.6800071967,-0.8302834112,-0.4159480713,-3.7356961014, 8.9456600110
163.0000000000, 3.5926204170,-2.7025376000,-0.8268567112,-0.4151298533,-3.7306257276, 8.8525930250
164.0000000000, 3.6240158866,-2.6613561218,-0.7758925144,-0.4057411021,-3.4896064608, 8.1779243580
165.0000000000, 3.6045767179,-2.7839072672,-0.7975717536,-0.4059412340,-3.5955740425, 8.9077372430
166.0000000000, 3.5283316769,-3.0185076740,-0.8624746601,-0.3857158900,-3.4232359455, 9.4575728925
167.0000000000, 3.6013120498,-2.6667802404,-0.8487162347,-0.4477151964,-3.4225341164, 9.4204403884
168.0000000000, 3.6013915434,-2.7494669531,-0.8682989720,-0.4001974292,-3.5781002881, 9.0209715111
169.0000000000, 3.5988180732,-2.5938868921,-0.7486994928,-0.4343684534,-3.7929911754, 8.5036349075
170.0000000000, 3.6649300897,-2.6476551446,-0.8401695991,-0.4221727234,-3.6600582630, 8.0518840266
171.0000000000, 3.5918036858,-2.8676684748,-0.8137322231,-0.4333089985,-3.6584439529, 9.1096957315
172.0000000000, 3.5743335897,-2.8428276563,-0.8103750674,-0.3988307376,-3.9086702072, 8.8392844951
173.0000000000, 3.6155338236,-2.8079926039,-0.7379086981,-0.3869682705,-3.5315107212, 8.3567297625
174.0000000000, 3.5869820796,-2.8656638474,-0.7716691174,-0.3924208584,-3.5747227189, 8.9240943534
175.0000000000, 3.6013799832,-2.8156713210,-0.7906929291,-0.3908611694,-3.4638949254, 8.7686312670
176.0000000000, 3.6284735234,-2.7059610884,-0.7245391442,-0.4411384931,-3.6587414274, 9.4276412807
177.0000000000, 3.6055603287,-2.7597390227,-0.8347231580,-0.4076476551,-3.6537274338, 8.7525729437
178.0000000000, 3.6459578267,-2.6305306820,-0.8205982504,-0.4262831694,-3.7137887210, 8.7246321344
179.0000000000, 3.5962887950,-2.6733364113,-0.8779924832,-0.4245693584,-3.6440941760, 9.1381764307
180.0000000000, 3.5965712169,-2.6507677736,-0.8239477725,-0.4410085174,-3.5320064909, 8.7262929273
181.0000000000, 3.6385703360,-2.7225134278,-0.7903204353,-0.4411318190,-3.5928960203, 9.1433279224
182.0000000000, 3.5819227853,-2.6387333932,-0.8602029791,-0.3872581207,-3.8898109439, 8.7180373670
183.0000000000, 3.6794042227,-2.6164000175,-0.8372002577,-0.4356246131,-3.4028126529, 8.5676413592
184.0000000000, 3.5428417605,-2.5754229971,-0.8146367559,-0.4043615629,-3.7132605894, 8.9022712733
185.0000000000, 3.6535559519,-2.4386955084,-0.8033712983,-0.4569542082,-3.4531733277, 8.6217215238
186.0000000000, 3.5815305948,-2.6761849479,-0.7865895458,-0.4226297857,-3.2785806645, 8.9045626616
187.0000000000, 3.6105842792,-2.7208693928,-0.8478164566,-0.4313535868,-3.4559961644, 9.0944293915
188.0000000000, 3.6454674784,-2.7792029137,-0.8047330179,-0.3774059756,-3.5222057728, 8.1624567200
189.0000000000, 3.6360111659,-2.5130969115,-0.8431782663,-0.4469288554,-3.4795457557, 8.8102576207
190.0000000000, 3.6390835085,-2.6032862788,-0.8203508296,-0.4328400771,-3.4274269159, 8.6796749225
191.0000000000, 3.5783805167,-2.8507334343,-0.8654860231,-0.3870635839,-3.5530088840, 8.9408067141
192.0000000000, 3.6397740394,-2.8382251798,-0.8144031845,-0.4246892634,-3.5156541084, 9.0555067075
193.0000000000, 3.5786743662,-2.7268311014,-0.8066424915,-0.4342982062,-3.6077544387, 9.4431995541
194.0000000000, 3.6101804519,-2.6446990599,-0.7866894044,-0.4460336284,-3.1686356263, 8.8120443559
195.0000000000, 3.6218647751,-2.7486167125,-0.8192980273,-0.4182844074,-3.6505587386, 8.6549250125
196.0000000000, 3.6738263241,-2.7837126624,-0.8055480812,-0.4386613678,-3.6327609757, 9.0149494298
197.0000000000, 3.6136831633,-2.7027984104,-0.7623968109,-0.4114602939,-3.5968953257, 8.8841046577
198.0000000000, 3.6115148839,-2.7319612283,-0.8652155039,-0.4150540223,-3.6609948073, 9.2229465016
199.0000000000, 3.5935183584,-2.6092781678,-0.8553073682,-0.4222078986,-3.6207189619, 8.5760099341
200.0000000000, 3.6213638766,-2.7146604662,-0.7737461591,-0.4144963536,-3.8121761586, 8.5770503790
201.0000000000, 3.6465282305,-2.5704258362,-0.7722305631,-0.4419962181,-3.4368555915, 8.5793316685
202.0000000000, 3.6291187680,-2.7706937329,-0.7750104123,-0.3998157786,-3.5798261843, 8.9204167723
203.0000000000, 3.5994950347,-2.6918176202,-0.8358798514,-0.4105582687,-3.4862725896, 8.7133490005
204.0000000000, 3.6634619477,-2.6149223634,-0.8188335921,-0.4219947002,-3.4653897538, 8.4341858424
205.0000000000, 3.5644620981,-2.7505627911,-0.7794572479,-0.4109197527,-3.6316821092, 8.9376052653
206.0000000000, 3.6111300745,-2.5758088814,-0.8488453211,-0.4422534186,-3.5935928538, 8.7109229424
207.0000000000, 3.6039260351,-2.7719715636,-0.8228122021,-0.4022319749,-3.4535925892, 8.7144024534
208.0000000000, 3.6447639238,-2.6742721754,-0.7577532511,-0.4260257264,-3.4684216280, 8.7018795086
209.0000000000, 3.6000719008,-2.7935060714,-0.8355176098,-0.4127045369,-3.8026636955, 9.0686510844
210.0000000000, 3.6337789449,-2.6820055874,-0.8332108030,-0.4060648268,-3.6077986132, 8.5999072538
211.0000000000, 3.6670116426,-2.6104467348,-0.8091373901,-0.4357921853,-3.3422042464, 8.4165283155
212.0000000000, 3.6321470074,-2.7581617158,-0.7876544454,-0.4333692827,-3.1845889284, 8.8308488978
213.0000000000, 3.6467335871,-2.5162067431,-0.8683391157,-0.4311469856,-3.6674477137, 8.7277682929
214.0000000000, 3.6309569063,-2.5179145620,-0.8065501130,-0.4386428987,-3.7280231135, 8.5103250035
215.0000000000, 3.6361696369,-2.6677289896,-0.8368074397,-0.4236972829,-3.6247811056, 9.1090226391
216.0000000000, 3.6011976372,-2.5907498423,-0.7850697463,-0.4157103634,-3.8940297630, 8.4324263581
217.0000000000, 3.5837464365,-2.7145255422,-0.8125053511,-0.4104238352,-3.7163770471, 8.8404884630
218.0000000000, 3.6671404699,-2.6088170062,-0.8623386638,-0.4447913027,-3.5521102039, 8.9367648931
219.0000000000, 3.5836288004,-2.6633618032,-0.8000108087,-0.4401299448,-3.4812452620, 9.0917510897
220.0000000000, 3.6480439451,-2.7348405874,-0.8115740080,-0.4152382343,-3.4555221444, 8.5316507365
221.0000000000, 3.6306646478,-2.7066475105,-0.8327880930,-0.4460030368,-3.2422872996, 8.9000453253
222.0000000000, 3.6394400728,-2.6549004034,-0.8189904602,-0.4109769596,-3.5325245169, 8.3203392381
223.0000000000, 3.5670258983,-2.7106688793,-0.8683115677,-0.4345026026,-3.1200190598, 9.3095947193
224.0000000000, 3.6384534636,-2.7050769011,-0.8317777134,-0.4186722786,-3.3810534804, 8.7511687129
225.0000000000, 3.5863307921,-2.6323646605,-0.8644593254,-0.4172509192,-3.4072301237, 8.8396274022
226.0000000000, 3.6193310003,-2.8194056078,-0.7681883382,-0.3879282094,-3.7148413593, 8.4999814101
227.0000000000, 3.6262142037,-2.5400570732,-0.8303300478,-0.4596262540,-3.3421535232, 8.9868272507
228.0000000000, 3.5894146731,-2.7714776331,-0.8150159192,-0.4207305857,-3.4982237996, 9.6800041556
229.0000000000, 3.5914402709,-2.5014879281,-0.8581341320,-0.4125497335,-3.4267552291, 8.6613627460
230.0000000000, 3.6213099842,-2.6326904538,-0.7911016100,-0.4318512370,-3.6297436260, 8.8707857327
231.0000000000, 3.6420178907,-2.5955358088,-0.8068062757,-0.4398260801,-3.6526444858, 8.8749205039
232.0000000000, 3.6011012646,-2.9568573806,-0.7411836893,-0.4174439150,-3.4080498271, 9.2049250455
233.0000000000, 3.6005537930,-2.7155061858,-0.8352933901,-0.4201031469,-3.6664916198, 8.6874191134
234.0000000000, 3.5377622960,-2.7612512360,-0.8687461148,-0.3988408355,-3.8319258729, 9.1231321457
235.0000000000, 3.6018746894,-2.5929481315,-0.8238566079,-0.4149617134,-3.4799613326, 8.5358082488
236.0000000000, 3.6155399029,-2.6488494417,-0.9499030543,-0.4275031323,-3.6137169540, 9.0514980800
237.0000000000, 3.5942428205,-2.7098095449,-0.8165768430,-0.4408995064,-3.3640630652, 9.2879595124
238.0000000000, 3.6837877778,-2.5906487565,-0.7931090728,-0.4427875195,-3.2918784972, 8.7385219921
239.0000000000, 3.6496531178,-2.6627099099,-0.8151995965,-0.4228374209,-3.5222706138, 8.3030042957
240.0000000000, 3.5918455178,-2.8375671798,-0.8909231671,-0.3883014779,-3.4555074241, 8.8333017053
241.0000000000, 3.5702818333,-2.6634593320,-0.8537389138,-0.4080594948,-3.5421642250, 9.1176440423
242.0000000000, 3.5757956251,-2.7012512586,-0.7600095037,-0.4246755830,-3.4532567467, 9.0794865875
243.0000000000, 3.6172509152,-2.8572037894,-0.8186852161,-0.4083607325,-3.2960683139, 8.8477200445
244.0000000000, 3.5567945921,-3.0059694740,-0.8320082098,-0.4000439701,-3.4385682767, 9.3850003399
245.0000000000, 3.6488388350,-2.7170262723,-0.8062510919,-0.4274581534,-3.4977457890, 8.8606366260
246.0000000000, 3.6099872517,-2.5637281327,-0.8177221725,-0.4300489427,-3.7448544845, 8.7269927806
247.0000000000, 3.5829503114,-2.5925362507,-0.8255333023,-0.4253199179,-3.4449429526, 8.9535792484
248.0000000000, 3.6379162265,-2.6401500120,-0.7995660501,-0.4243541767,-3.5369643073, 8.9700435662
249.0000000000, 3.6301346499,-2.6252570499,-0.8698845895,-0.4238242484,-3.5939227028, 8.8282705227
250.0000000000, 3.6417343520,-2.5384943858,-0.7654163867,-0.4715165360,-3.4470497974, 8.7630702218
