4.130371e-02
8.252683e-01
9.807641e-01
9.695297e-01
9.959627e-01
1.202233e-02
9.044377e-01
4.377998e-01
9.423835e-01
1.591964e-01
2.766497e-04
2.015838e-01
9.053659e-02
7.909815e-11
1.590666e-01
6.753118e-02
3.931977e-01
3.920552e-01
7.679814e-01
6.724761e-01
3.099462e-02
3.080285e-01
8.452451e-01
2.122754e-01
2.794750e-01
8.210956e-09
4.221492e-01
6.435462e-05
5.971300e-06
2.698152e-01
4.443454e-03
1.401513e-01
3.435282e-01
6.310962e-02
1.871374e-04
4.867667e-02
5.207771e-03
7.366000e-01
7.600463e-02
3.120845e-02
2.927334e-02
4.806821e-03
5.692242e-01
1.932176e-01
4.535178e-01
1.223408e-01
4.263571e-01
3.110655e-01
2.648480e-04
2.227480e-02
9.629482e-01
5.572257e-02
9.597460e-01
4.049399e-02
4.540504e-01
5.449300e-04
1.809292e-01
9.106161e-03
7.173015e-02
8.151579e-01
8.252683e-01
9.019592e-01
1.996985e-01
5.823823e-08
9.851655e-02
6.936569e-01
2.692733e-01
4.294746e-01
7.204942e-01
6.717912e-04
9.666777e-01
3.312573e-01
1.258431e-01
8.566750e-03
5.203136e-01
2.433951e-01
5.627445e-01
3.269932e-01
7.531677e-07
3.282806e-01
2.257172e-01
1.543558e-03
4.352445e-01
3.517891e-01
3.774697e-01
3.423054e-01
8.444301e-01
6.796228e-02
3.282806e-01
4.614526e-01
4.457456e-01
6.821186e-02
8.740797e-03
1.445240e-01
3.856987e-01
3.262835e-01
3.449738e-01
1.715607e-02
6.793841e-06
3.266241e-01
5.334594e-01
9.832695e-01
8.114882e-03
2.739874e-02
9.633651e-03
1.755751e-03
2.869238e-05
2.168898e-02
4.878181e-01
1.397090e-03
9.900676e-01
5.946565e-01
3.225700e-01
4.773054e-03
8.717481e-01
1.675908e-01
9.580075e-04
6.048282e-02
1.591130e-01
8.952178e-02
8.989896e-01
6.127542e-01
1.053276e-03
6.234921e-01
6.888631e-01
2.534624e-01
5.230891e-02
4.331500e-01
6.097485e-01
8.559191e-01
1.674988e-02
9.876538e-01
3.792374e-04
7.285986e-01
8.346912e-03
9.862455e-01
4.878181e-01
3.860682e-01
7.408885e-04
2.534624e-01
9.994270e-01
3.126432e-04
6.374080e-01
4.232609e-01
4.878181e-01
5.616743e-08
3.282806e-01
7.595387e-01
5.129165e-04
3.297703e-01
6.370978e-05
9.329645e-01
5.773489e-03
1.264778e-01
4.104572e-01
1.975193e-01
1.282380e-01
6.658903e-04
5.730734e-02
2.883269e-01
3.423054e-01
7.548750e-01
4.163194e-04
3.381299e-02
6.949023e-04
9.805284e-01
2.851779e-03
5.259970e-02
6.046269e-01
9.423835e-01
9.767645e-01
3.628518e-01
7.504960e-04
1.027823e-05
8.794198e-02
9.446390e-02
4.867667e-02
8.489274e-01
4.212322e-02
7.157906e-01
5.027622e-02
2.299198e-01
8.252683e-01
2.194408e-01
1.716216e-01
1.101261e-04
4.878181e-01
1.483287e-02
4.934304e-04
8.038796e-05
5.995276e-01
6.085152e-02
1.371114e-01
9.886067e-01
4.049399e-02
7.669505e-14
1.763219e-03
8.452451e-01
5.673027e-01
8.856382e-03
1.098720e-03
5.546022e-05
1.601846e-01
1.268859e-01
7.030019e-03
6.194866e-02
4.878181e-01
2.002980e-01
8.662265e-02
9.612151e-04
9.956608e-01
3.783817e-01
1.357768e-06
1.932670e-01
6.208458e-02
8.663142e-01
9.502184e-01
8.909742e-01
5.897401e-01
4.205838e-02
1.486550e-02
4.105752e-01
4.878181e-01
3.245999e-01
4.251480e-01
3.501230e-01
6.936569e-01
5.604347e-05
9.411810e-03
5.259772e-02
4.707890e-02
9.557988e-01
6.132116e-06
6.786706e-02
3.118365e-01
3.115625e-02
1.198890e-02
6.514118e-01
2.088158e-01
4.218627e-02
9.959671e-01
8.284827e-02
1.371103e-01
5.477836e-06
7.839234e-02
2.358506e-03
1.287160e-01
2.831935e-02
5.576141e-01
1.255932e-01
7.018204e-02
4.085307e-02
5.638854e-01
9.993436e-03
5.321128e-02
4.821800e-01
2.800410e-06
6.507625e-01
6.075957e-01
3.120845e-02
6.075957e-01
3.269932e-01
1.327944e-01
1.299145e-01
6.419913e-04
6.809520e-01
5.629844e-02
2.464215e-05
3.955598e-02
7.326510e-01
7.759757e-07
2.862449e-01
6.828082e-01
7.116027e-01
9.723437e-01
9.005807e-01
3.479086e-03
4.294746e-01
4.003587e-01
3.931977e-01
9.563727e-01
5.015597e-03
5.554815e-02
1.758832e-01
5.447755e-01
5.860840e-01
5.277414e-05
6.136602e-01
4.580181e-01
2.963930e-04
1.691470e-04
1.089372e-03
3.203267e-01
1.110040e-04
4.605825e-03
5.116116e-01
1.232130e-01
4.209580e-01
4.731720e-04
9.956608e-01
3.438681e-01
4.835260e-02
2.598937e-03
4.434837e-03
3.994898e-05
1.089305e-03
9.145226e-01
9.614040e-01
9.835525e-01
3.013416e-02
3.181330e-01
8.642542e-01
5.246156e-07
2.036182e-04
6.936569e-01
3.758626e-02
3.691936e-01
9.612151e-04
1.729192e-01
9.611791e-01
9.350075e-01
5.720113e-01
1.818758e-03
8.239678e-01
5.692242e-01
1.368279e-02
7.578460e-01
1.101946e-02
1.147900e-01
3.905673e-01
2.116017e-06
7.483672e-02
1.746741e-02
9.006728e-01
4.856226e-01
8.281625e-13
7.292434e-03
4.319703e-01
1.334457e-05
6.837129e-01
1.324677e-03
8.942814e-01
8.634958e-04
1.859722e-02
7.272522e-01
1.183711e-01
4.856226e-01
8.004814e-02
2.748659e-01
5.805273e-01
9.879469e-01
1.131072e-02
5.026193e-01
7.366000e-01
3.627586e-07
1.730839e-02
1.533573e-02
7.183187e-01
4.029174e-01
8.580842e-01
7.585849e-01
1.546216e-01
5.499924e-01
9.918538e-01
4.553328e-01
4.603608e-06
